24
1.5328 -0.6799 1.1529 -0.9894 16.4578 153.2388
1.5644 -0.3717 1.1865 1.4692 10.2600 159.8003
1.5417 0.0246 1.1794 26.2681 13.0064 158.9539
1.5051 0.2759 1.2156 13.6943 0.0818 168.9834
1.3974 0.5239 1.2165 -1.3841 -10.0677 -177.1725
1.2746 0.8189 1.2008 5.2244 -15.8278 -171.7349
1.5427 -0.5253 1.2053 -7.8211 14.5678 127.8781
1.5579 -0.1579 1.2144 4.8491 17.2357 129.8871
1.5725 0.1064 1.3140 -12.9959 -4.3754 144.4879
1.5025 0.4180 1.3484 -9.7071 -9.5449 153.2339
1.4036 0.7302 1.3647 0.4624 -11.2205 158.5608
1.2746 1.0180 1.3755 7.4563 -14.6535 165.0249
1.5416 -0.4378 1.2115 -12.7807 10.6123 104.0947
1.5961 -0.0979 1.2847 -14.3206 -4.1713 112.7476
1.5679 0.2731 1.2931 -4.6601 -1.9338 113.7536
1.5115 0.6386 1.2974 4.8879 3.5942 114.3208
1.4035 0.9771 1.3318 7.4603 -8.4480 119.0185
1.2767 1.2834 1.3900 15.2061 -6.1238 126.8539
1.5391 -0.5969 0.9041 -13.4089 -9.4886 41.1836
1.5569 -0.2006 0.9213 -12.9163 1.2221 44.9231
1.5618 0.2019 0.9579 5.0203 -12.1524 49.5261
1.4857 0.5782 0.9719 20.3048 -17.9789 50.3657
1.3758 0.9408 0.9880 19.4037 -5.5100 54.7502
1.2579 1.3346 1.0686 14.8307 8.0296 65.3337
