1486.26 -664.896 912.796 -11.236 6.55416 179.306 
1525.38 -349.229 912.986 -8.16863 4.16987 -177.889 
1488.35 -58.9141 904.419 -14.7234 -5.41967 -165.31 
1556.7 364.543 906.767 11.2042 12.3054 174.845 
1473.84 655.271 913.078 9.83669 3.47808 -177.896 
1488.07 -663.664 1080.68 -10.9017 3.85523 178.957 
1512.35 -359.844 1080.61 -11.1705 -1.21826 -174.888 
1530.98 -24.1983 1080.63 -5.06681 -1.58646 -174.989 
1559.72 366.355 1076.54 11.6913 10.0235 174.29 
1484.01 668.591 1081.2 12.1822 3.27813 179.757 
1455.38 -680.694 1248.4 -16.4671 -3.36155 -175.475 
1528.91 -336.598 1249.95 -5.45229 0.559276 179.406 
1554.3 7.53356 1249.57 2.26187 2.41528 177.687 
1512.43 318.054 1249.09 2.64266 -3.47424 -176.7 
1469.27 659.415 1249.88 10.7393 -1.45626 -178.79 
1430.4 -681.402 1414.13 -18.4368 -7.65121 -173.507 
1520.42 -326.803 1417.96 -3.3976 -0.48889 177.358 
1478.95 -41.3749 1407.66 -11.4055 -12.2827 -168.655 
1482.6 305.721 1413.61 -0.314934 -9.19431 -173.732 
1471.59 680.06 1417.84 15.1734 1.21825 176.795 
1439.97 -651.075 1584.91 -10.1435 -4.48564 178.203 
1517.57 -301.962 1583.49 1.97126 2.3238 171.985 
1441.53 -46.481 1566.87 -14.6297 -17.1897 -165.431 
1517.84 368.984 1582.97 13.7782 3.96664 172.224 
1438.6 664.323 1585.4 13.5028 -4.0518 178.432 
