1.50773 0.00566365 1.99049 1.8309e-05 -2.66204e-05 3.11751e-05 0.00405189 -0.00485257 0.00107963 -0.000152412 0.000842321 0.000691649 
1.50611 0.00809486 1.98646 6.86006e-05 -5.51687e-06 7.57584e-05 0.00580357 -0.00319294 0.00181669 -0.000686208 0.00116489 0.000643162 
1.51115 0.0109969 1.97421 -5.83047e-05 5.42643e-05 0.000252994 0.00640155 -0.00699353 0.00179723 -0.00172553 0.00285034 0.000917974 
1.51217 0.01171 1.96912 4.35584e-06 7.31757e-05 0.00030597 0.00728638 -0.00573712 0.00182478 -0.00327954 0.00318233 0.00152038 
1.51557 0.0125625 1.95561 -0.000121813 5.09467e-05 0.000477028 0.00711266 -0.00955801 0.00135974 -0.00369548 0.00655962 0.00386014 
1.51653 0.0131793 1.95024 -7.21704e-05 0.000107307 0.0006253 0.00739329 -0.00987143 -9.58581e-05 -0.00470658 0.00842705 0.0046963 
1.51857 0.0131924 1.93858 -0.000193092 0.000171773 0.000705505 0.0057035 -0.0130009 -0.000446632 -0.00295982 0.0132441 0.00563041 
1.51845 0.013402 1.9347 -4.8771e-05 0.00023285 0.000863848 0.00544956 -0.0139073 -0.000958281 -0.00351234 0.0165389 0.00717012 
1.51996 0.0138548 1.92691 -0.000113192 0.000285655 0.0010977 0.0039389 -0.0160506 -0.00126898 -0.000862738 0.0211459 0.00854532 
1.52094 0.0136877 1.92446 3.24061e-05 0.000191617 0.00129391 0.00375268 -0.0159404 -0.00171614 -0.000782404 0.0236586 0.00926009 
1.52189 0.0136247 1.91958 1.75151e-05 -1.0272e-05 0.00144846 0.00293752 -0.0167692 -0.003141 0.00283127 0.0292441 0.0104601 
1.52241 0.0136068 1.91789 -4.84314e-05 -0.00012989 0.00165555 0.00271368 -0.0167044 -0.00366191 0.00289165 0.0323492 0.0129188 
1.52272 0.0134442 1.9149 -1.40817e-05 -0.000401874 0.00182358 0.00221108 -0.0173342 -0.00420454 0.00499238 0.0370303 0.0144761 
1.52366 0.0130615 1.91423 5.35788e-05 -0.000724875 0.00200241 0.00203578 -0.0164481 -0.00436851 0.00438352 0.0403873 0.0177307 
1.52426 0.0136349 1.91263 6.29594e-06 -0.000925707 0.00206035 0.00144668 -0.01618 -0.00532565 0.00684822 0.0435433 0.0197904 
1.52573 0.0128117 1.91234 -6.98798e-05 -0.00133255 0.0022316 0.00139075 -0.0144333 -0.00556467 0.00560856 0.0448064 0.0230455 
1.52593 0.0134951 1.91121 -9.27422e-05 -0.00161429 0.00232463 0.00122303 -0.0141676 -0.00647989 0.00941116 0.0474175 0.0237302 
1.52745 0.012995 1.91107 -0.000152949 -0.00214608 0.00238033 0.00132961 -0.0123633 -0.0072146 0.00890446 0.0482638 0.0262937 
1.52853 0.0139857 1.91057 -0.000243969 -0.00239123 0.00231524 0.000825049 -0.0113464 -0.00869196 0.0135735 0.0493695 0.0280719 
1.53029 0.0126901 1.91062 -0.000284495 -0.00287311 0.00261343 0.00128187 -0.00926479 -0.0094134 0.0116988 0.0492416 0.0302344 
1.53125 0.0139723 1.91033 -0.000383523 -0.00312099 0.00272188 0.00103634 -0.00801854 -0.00983655 0.0155333 0.0500929 0.0316021 
1.53337 0.0125682 1.91061 -0.000501988 -0.00369331 0.00292045 0.00157213 -0.00532495 -0.0104142 0.0126826 0.0484008 0.0326087 
1.53405 0.0138886 1.91058 -0.000558504 -0.00410766 0.00278246 0.00159707 -0.0043738 -0.0109938 0.01742 0.0485948 0.0330421 
1.53617 0.012385 1.91088 -0.000647069 -0.00469662 0.00309552 0.002229 -0.0018368 -0.0125745 0.014671 0.0467391 0.0325463 
1.53691 0.0135535 1.91085 -0.000654726 -0.00484472 0.00292443 0.00218007 -0.000952857 -0.0133956 0.0191384 0.0455647 0.0330092 
1.53939 0.0117904 1.91112 -0.000504883 -0.00532593 0.003005 0.00285769 0.00177845 -0.0155563 0.0138437 0.041562 0.0317111 
1.54035 0.0126364 1.91111 -0.000657692 -0.0055714 0.00313381 0.00309126 0.00275784 -0.016484 0.0185646 0.0398285 0.0318761 
1.54227 0.010968 1.91152 -0.000438553 -0.00573831 0.00328691 0.00350746 0.00510833 -0.0188817 0.0119743 0.0352459 0.0289637 
1.5432 0.0116587 1.91153 -0.000368021 -0.00594563 0.00337479 0.00382132 0.00600433 -0.0197412 0.0161229 0.0322797 0.0300469 
1.54524 0.00973299 1.91179 -0.000141081 -0.00592404 0.00355622 0.00441791 0.0082706 -0.022278 0.00794504 0.025899 0.0267192 
1.54658 0.0103647 1.91179 -0.000121933 -0.00625241 0.00344897 0.0047802 0.00918064 -0.0234536 0.0101044 0.0212058 0.0271385 
1.54847 0.00894287 1.91209 0.000143068 -0.00619852 0.00348994 0.00491285 0.0110464 -0.0264333 0.00334056 0.0146494 0.0227431 
1.54972 0.00944697 1.91204 8.33509e-05 -0.00660703 0.00348015 0.00523586 0.0118537 -0.0276339 0.0044628 0.00972915 0.0224772 
1.55158 0.00795169 1.91228 0.000231201 -0.006592 0.00350446 0.00487681 0.01342 -0.0312274 -0.00378034 0.00185788 0.0172107 
1.55299 0.00814186 1.91223 0.000389714 -0.00696321 0.00349792 0.00494117 0.0139305 -0.0329894 -0.004482 -0.00445976 0.0152385 
1.55395 0.00735703 1.91243 0.000490658 -0.00675994 0.00344927 0.00448078 0.0147334 -0.0356932 -0.0102337 -0.0100746 0.010812 
1.5551 0.00716158 1.91236 0.00049289 -0.00724615 0.00344774 0.00449371 0.014912 -0.037245 -0.0119186 -0.0159207 0.00916232 
1.55573 0.0065904 1.91262 0.000585549 -0.00713408 0.00345314 0.00389926 0.0152373 -0.0400127 -0.0167959 -0.0219864 0.00516279 
1.55704 0.00636634 1.91248 0.000508757 -0.00732397 0.00356737 0.00357728 0.0153206 -0.0420023 -0.0185496 -0.0286492 0.00305532 
1.55714 0.00629771 1.91258 0.000779745 -0.00694175 0.00350424 0.00284661 0.0149543 -0.0443458 -0.0207612 -0.0321819 -0.000524664 
1.55838 0.00613624 1.91245 0.000742745 -0.00728501 0.00355794 0.00251599 0.0146878 -0.0471052 -0.0225367 -0.0387338 -0.00332645 
1.55805 0.00641141 1.91255 0.000964046 -0.00689366 0.00350332 0.00175338 0.0140251 -0.0496159 -0.0224596 -0.0406606 -0.00697098 
1.55891 0.00600885 1.91243 0.000943242 -0.00722519 0.00343585 0.00121223 0.0134767 -0.0520841 -0.0245694 -0.0458804 -0.00931786 
1.55777 0.006607 1.91244 0.00111219 -0.00655902 0.003403 0.000703705 0.0120957 -0.0534923 -0.0226685 -0.044538 -0.0118519 
1.55844 0.00609454 1.91226 0.000986687 -0.0069704 0.00341313 -3.36669e-05 0.0113872 -0.0559478 -0.0251101 -0.0497243 -0.0140078 
1.55705 0.0069433 1.91238 0.00112625 -0.00606026 0.00347163 -0.000582792 0.0100109 -0.0572134 -0.0223039 -0.0471391 -0.0166352 
1.55767 0.00638128 1.91216 0.00102871 -0.00659559 0.00339851 -0.00109443 0.0094396 -0.0597426 -0.0243082 -0.0512282 -0.0183021 
1.55629 0.00730023 1.91233 0.00137077 -0.00596189 0.00350733 -0.00137828 0.00826647 -0.060755 -0.0203521 -0.0466874 -0.0212116 
1.55681 0.00645423 1.91223 0.00110355 -0.00639233 0.00351235 -0.00223732 0.00745245 -0.0631961 -0.0234081 -0.0499857 -0.0230498 
1.5553 0.00733909 1.91233 0.00116216 -0.00569936 0.00374401 -0.00265569 0.00626289 -0.0647861 -0.0202454 -0.0450263 -0.025941 
1.55565 0.00690469 1.91215 0.00106696 -0.00603207 0.00358534 -0.00330923 0.00533943 -0.0670781 -0.0215032 -0.0477807 -0.0270919 
1.55402 0.00773738 1.91231 0.00104697 -0.00538194 0.00370508 -0.00355111 0.00434965 -0.0684587 -0.0181179 -0.0420673 -0.0304354 
1.55405 0.00725158 1.91214 0.00068701 -0.00570996 0.00358294 -0.0043457 0.00333415 -0.0704899 -0.0189617 -0.0434893 -0.0313641 
1.55236 0.0081927 1.91245 0.000616961 -0.00498427 0.00376125 -0.00426122 0.00257595 -0.0716144 -0.0154859 -0.0363582 -0.0340798 
1.55211 0.00775483 1.91234 0.000469965 -0.00506769 0.00369956 -0.00498062 0.00151843 -0.0737404 -0.0159269 -0.0363952 -0.0350269 
1.55042 0.00855698 1.91261 0.000461121 -0.00456812 0.00393503 -0.00513462 0.000930459 -0.0744406 -0.0127411 -0.0287099 -0.0377205 
1.55021 0.00811379 1.91244 0.000174139 -0.00481005 0.00375566 -0.00581194 7.23697e-06 -0.0765393 -0.0134552 -0.0285294 -0.0384096 
1.54836 0.00937989 1.91283 7.7338e-05 -0.00407211 0.00417026 -0.00585734 -0.000277623 -0.0767741 -0.0101721 -0.0196428 -0.0417507 
1.54826 0.00911359 1.91266 -1.78593e-05 -0.00428485 0.00422482 -0.00638938 -0.000890889 -0.0782201 -0.0100705 -0.0187653 -0.0418545 
1.54698 0.0101513 1.9129 -0.000185865 -0.00353888 0.004513 -0.00649577 -0.000857974 -0.0786267 -0.00688144 -0.011634 -0.0444423 
1.54692 0.00996576 1.91283 -0.000367102 -0.00377009 0.00455444 -0.00685524 -0.00131892 -0.0801167 -0.00612931 -0.00981182 -0.0450591 
1.5458 0.0110081 1.91324 -0.000353166 -0.00338462 0.00510421 -0.00702905 -0.000885767 -0.0803801 -0.00353 -0.00291184 -0.0474357 
1.54573 0.0110972 1.91318 -0.000430549 -0.00326947 0.00510275 -0.00730799 -0.00119417 -0.0817929 -0.00246225 -0.00162523 -0.0476795 
1.54488 0.0120011 1.91355 -0.000331648 -0.00237567 0.00546864 -0.00725456 -0.000605912 -0.0819683 -0.000123834 0.00423752 -0.0498887 
1.54487 0.0120741 1.91339 -0.00043431 -0.00221509 0.00541326 -0.00733123 -0.000733781 -0.0833681 0.0010675 0.00523188 -0.0503837 
1.54423 0.0127749 1.91362 -0.000173329 -0.00198316 0.00560671 -0.00701036 6.35557e-05 -0.0833987 0.0029873 0.00999432 -0.0513773 
1.54387 0.0133711 1.91357 -0.000347064 -0.00173045 0.00571506 -0.00727321 9.92746e-05 -0.0846609 0.00454831 0.0126808 -0.0521133 
1.54351 0.0140147 1.91389 -0.000124591 -0.0014019 0.00616745 -0.00730442 0.000946354 -0.084533 0.00620847 0.0163544 -0.0533545 
1.54356 0.0142577 1.91384 -0.000104557 -0.00129639 0.0062266 -0.00731683 0.00107087 -0.0855611 0.00754866 0.0171099 -0.0536979 
1.54339 0.0148144 1.91418 0.000117527 -0.00101769 0.00646518 -0.00756787 0.00181599 -0.0858321 0.00912762 0.0196752 -0.0551701 
1.54353 0.0152425 1.91397 0.000408431 -0.000824199 0.00644187 -0.00741503 0.00185491 -0.0868595 0.010507 0.0199199 -0.0554534 
1.5437 0.0154961 1.91434 0.000823178 -0.000472097 0.0067098 -0.00759579 0.00256834 -0.0873104 0.0119108 0.0206328 -0.0564299 
1.54405 0.0155768 1.91424 0.000983293 -0.000312513 0.00645503 -0.00739612 0.00278342 -0.0885723 0.0133304 0.0197764 -0.0568123 
1.54417 0.0158563 1.91447 0.00142029 4.89561e-05 0.00673491 -0.00735737 0.00360148 -0.0889762 0.0154366 0.0207864 -0.0573257 
1.54446 0.016431 1.91439 0.00177193 0.000396511 0.00664849 -0.00723351 0.00390515 -0.0904201 0.0171006 0.0202046 -0.0582961 
1.54486 0.0163398 1.91466 0.00244668 0.000443616 0.00688525 -0.00714514 0.00448906 -0.0908942 0.0181863 0.0200087 -0.0587978 
1.5452 0.016746 1.91445 0.00263231 0.000756805 0.00666497 -0.00674005 0.00486965 -0.0925864 0.0194068 0.0190635 -0.0596166 
1.54543 0.0166276 1.91474 0.00299304 0.000674797 0.00681031 -0.00638039 0.0055656 -0.092917 0.0205276 0.0191488 -0.0599191 
1.54586 0.0168256 1.91458 0.00337842 0.00068787 0.00658071 -0.00599957 0.00594959 -0.0940919 0.021918 0.0177248 -0.0602626 
1.54655 0.0166479 1.9148 0.00377523 0.000396843 0.00686462 -0.00573869 0.0066268 -0.0947846 0.0230801 0.0166287 -0.060885 
1.54689 0.0164458 1.91463 0.00415511 0.000305249 0.00645323 -0.0050321 0.00692732 -0.0954563 0.0235429 0.0147972 -0.0601683 
1.54746 0.016217 1.9148 0.00467714 0.000160941 0.00661978 -0.00484144 0.00739882 -0.0959427 0.0241118 0.0134909 -0.0600375 
1.54787 0.0162602 1.91453 0.00490838 0.000166657 0.00638512 -0.00436301 0.00776195 -0.0968937 0.0247548 0.0115026 -0.0600125 
1.54841 0.0161987 1.91469 0.00541643 0.000129984 0.00654714 -0.00414984 0.00824514 -0.0971756 0.0255344 0.0100246 -0.0598743 
1.54859 0.0161105 1.91451 0.00577581 0.000180758 0.00630257 -0.00361133 0.00835739 -0.0979318 0.025804 0.00825939 -0.0594041 
1.54903 0.0158116 1.91467 0.00632314 4.60241e-05 0.00648919 -0.00328754 0.00855714 -0.098304 0.026627 0.00607468 -0.059545 
1.54916 0.0156027 1.91437 0.00644077 -7.25981e-05 0.00635434 -0.00293235 0.00861639 -0.0995897 0.0263599 0.00404279 -0.059781 
1.54965 0.015574 1.91453 0.0066357 -2.09497e-05 0.00647762 -0.00269208 0.00881861 -0.100022 0.0261755 0.00261584 -0.0597318 
1.54963 0.0151038 1.91428 0.00663453 -0.000175551 0.00604339 -0.0020797 0.00881404 -0.100998 0.02547 0.00165861 -0.0588628 
1.55014 0.0150584 1.91435 0.00717253 -0.000146941 0.00612357 -0.00174809 0.00899773 -0.101051 0.0261309 -7.62337e-07 -0.0584487 
1.55034 0.0147497 1.91413 0.00732612 -0.000294411 0.0056597 -0.00121363 0.00914602 -0.101297 0.0256028 -0.00144964 -0.0572108 
1.55056 0.0144539 1.91439 0.00758258 -0.000401495 0.00597637 -0.000760884 0.00897297 -0.101474 0.0258246 -0.00308639 -0.0564779 
1.55051 0.013909 1.91408 0.00741961 -0.000588698 0.00578925 -0.000147146 0.00890867 -0.102199 0.024692 -0.00462301 -0.0555204 
1.55089 0.0136711 1.91417 0.00764066 -0.000799958 0.00567605 0.000327411 0.00887641 -0.101998 0.0246923 -0.00697056 -0.0545728 
1.55097 0.0131516 1.91391 0.00770058 -0.000955066 0.00529312 0.000809595 0.00891323 -0.102316 0.0233983 -0.00818064 -0.053279 
1.55122 0.0130618 1.9141 0.00780794 -0.00110823 0.00522909 0.001041 0.00883651 -0.102332 0.0233903 -0.00999882 -0.0526314 
1.55118 0.0122112 1.91378 0.0077701 -0.00147619 0.00485725 0.00152976 0.00859773 -0.102512 0.0216979 -0.0112779 -0.0511924 
1.55141 0.012209 1.91396 0.00801449 -0.00140577 0.00503793 0.00178764 0.00845783 -0.102822 0.0216875 -0.0130871 -0.0510353 
1.55118 0.0116565 1.91373 0.0078651 -0.00164399 0.00493932 0.00217233 0.00813702 -0.102874 0.0203171 -0.0136067 -0.0498146 
1.55141 0.0114333 1.91388 0.00806006 -0.00180401 0.00515159 0.00255971 0.00799907 -0.102227 0.0197731 -0.0149098 -0.0486293 
1.5512 0.0108142 1.91361 0.00800096 -0.00196367 0.00500192 0.00290272 0.00764084 -0.102051 0.0175735 -0.0154383 -0.0469274 
1.55131 0.010683 1.91381 0.00804685 -0.00201186 0.00516749 0.0032915 0.00736239 -0.101584 0.0168265 -0.0165334 -0.0461485 
1.55116 0.00983029 1.91351 0.00805433 -0.00250171 0.00490408 0.00348491 0.00705681 -0.100607 0.0138779 -0.0172202 -0.0434401 
1.55116 0.0101001 1.91366 0.00824471 -0.00227833 0.00515648 0.0036766 0.0069179 -0.100685 0.0143655 -0.017516 -0.043244 
1.55102 0.00922073 1.91341 0.00818239 -0.00262587 0.00485177 0.00387715 0.00667138 -0.100146 0.0111876 -0.0180317 -0.0410664 
1.55108 0.00930084 1.9136 0.008315 -0.00253844 0.00501536 0.00414262 0.00657427 -0.0998469 0.0113806 -0.0181803 -0.0406435 
1.551 0.00858965 1.91327 0.0081958 -0.00267585 0.004475 0.00410417 0.00624353 -0.0992229 0.00852165 -0.019053 -0.0387467 
1.55106 0.0087137 1.9134 0.00838242 -0.00226337 0.00447057 0.00423504 0.00603603 -0.0986039 0.00822643 -0.0193056 -0.0377889 
1.55099 0.00778394 1.91321 0.00836366 -0.00259917 0.00408013 0.00425543 0.0057361 -0.0974033 0.00531085 -0.0193632 -0.0349455 
1.55084 0.00807667 1.91335 0.00838537 -0.002096 0.00392315 0.00441001 0.00559914 -0.0967741 0.00526695 -0.0188709 -0.0342274 
1.55062 0.00758856 1.91321 0.0083341 -0.00215448 0.00366153 0.00423189 0.00533206 -0.0956528 0.00287029 -0.0185461 -0.0316179 
1.55057 0.00786228 1.91342 0.00848018 -0.00186851 0.00362369 0.00426122 0.00530592 -0.0949715 0.00247805 -0.0179289 -0.0305387 
1.55045 0.00743029 1.9133 0.0081957 -0.00221868 0.00346181 0.00401494 0.00511938 -0.0945396 0.000362553 -0.0184184 -0.0286882 
1.55054 0.00770464 1.91339 0.00840203 -0.0019273 0.00357795 0.00409558 0.00518236 -0.0936461 0.000479361 -0.0176411 -0.0276379 
1.55027 0.00733274 1.91312 0.00833117 -0.00185312 0.00332913 0.00392921 0.00487687 -0.0927427 -0.00177182 -0.0175822 -0.0256599 
1.55041 0.00786825 1.91326 0.00860991 -0.00121771 0.00364083 0.00376562 0.00497959 -0.0919464 -0.00132463 -0.0169887 -0.0246567 
1.55037 0.00734116 1.91312 0.00871286 -0.0013649 0.00318046 0.00333358 0.00464532 -0.0913075 -0.00346748 -0.0164233 -0.0230229 
1.55029 0.0077841 1.91326 0.00900991 -0.000827628 0.00319153 0.00326212 0.00479992 -0.0908989 -0.00294476 -0.0159002 -0.0224348 
1.55008 0.00752674 1.91317 0.00870321 -0.00102158 0.00288239 0.00291734 0.00438779 -0.0903229 -0.0046566 -0.0160357 -0.0209751 
1.55031 0.00793171 1.91332 0.00896878 -0.000645173 0.00296467 0.00302753 0.00468255 -0.0897028 -0.0039847 -0.01607 -0.0203338 
1.5502 0.00776591 1.91322 0.00891614 -0.000701883 0.00268287 0.00275776 0.00442947 -0.0891626 -0.00516363 -0.0160864 -0.0192114 
1.55024 0.00834874 1.91335 0.00938539 -0.000243313 0.0026663 0.00269057 0.00463776 -0.0883825 -0.0047988 -0.0156292 -0.0179137 
1.54986 0.00796882 1.91325 0.0089396 -0.000306318 0.00238396 0.00239181 0.00419557 -0.0871965 -0.00690201 -0.0149699 -0.0161242 
1.54997 0.00833275 1.91346 0.00924027 7.14734e-05 0.00247667 0.00239819 0.00452039 -0.0863644 -0.00691307 -0.0148926 -0.0151067 
1.54975 0.00815467 1.91315 0.00890515 0.000103044 0.00202126 0.00182523 0.00402891 -0.085541 -0.00821529 -0.0152674 -0.013856 
1.54987 0.00869382 1.91321 0.00905201 0.00055103 0.0019937 0.00165925 0.00430874 -0.0847036 -0.00777617 -0.0155153 -0.012832 
1.54979 0.00827028 1.91305 0.00894009 0.000365383 0.00194304 0.00137042 0.00398659 -0.0839634 -0.00900734 -0.0159717 -0.011757 
1.54983 0.0088641 1.91314 0.00895195 0.000751407 0.00193852 0.00133366 0.00413447 -0.0825001 -0.00855445 -0.0159867 -0.0101757 
1.54976 0.00859072 1.91301 0.00884517 0.000860423 0.00179735 0.00116521 0.00394518 -0.0819714 -0.00964053 -0.0163499 -0.00951541 
1.54992 0.00916696 1.9131 0.00888109 0.000999018 0.00183238 0.00111365 0.00423602 -0.0808874 -0.00883423 -0.0168098 -0.00817837 
1.54983 0.00905724 1.91294 0.00888406 0.00114174 0.00185976 0.000785498 0.00398493 -0.0806477 -0.00945839 -0.0171484 -0.00781585 
1.54972 0.00948741 1.91309 0.00872693 0.00126359 0.00166868 0.00054591 0.00397638 -0.0789516 -0.00879303 -0.0173072 -0.00623244 
1.54955 0.00927147 1.91294 0.00870957 0.00119563 0.00156615 0.000224916 0.00357518 -0.0785081 -0.00944547 -0.0170043 -0.00573796 
1.54947 0.00970288 1.91304 0.00859219 0.00140864 0.0016485 0.000220278 0.00355063 -0.0771782 -0.00858993 -0.0174177 -0.00447978 
1.54921 0.00941455 1.91292 0.00824219 0.00116454 0.00153765 -2.19955e-05 0.00311923 -0.0769266 -0.00968227 -0.0174371 -0.00422232 
1.54915 0.00978684 1.91304 0.00820438 0.0014484 0.00130166 -0.000134788 0.00306792 -0.0754647 -0.00896873 -0.0174253 -0.00299216 
1.54885 0.00942035 1.91293 0.00801746 0.00138146 0.00118242 -0.000259962 0.00265657 -0.0759133 -0.00962904 -0.0171627 -0.00347792 
1.54877 0.00988506 1.91307 0.00797525 0.001621 0.00125353 -0.000363767 0.00270878 -0.0746062 -0.00920496 -0.017738 -0.00218781 
1.5486 0.00962346 1.91289 0.0076873 0.00147595 0.00121198 -0.000455126 0.00229874 -0.0742592 -0.00971623 -0.0174103 -0.00185605 
1.54855 0.00992789 1.913 0.00750263 0.00154905 0.00121512 -0.000532914 0.00230023 -0.0731929 -0.00865753 -0.0177297 -0.0009761 
1.54823 0.00959812 1.91284 0.00726375 0.00129338 0.00116099 -0.000736793 0.00184988 -0.0728847 -0.00955956 -0.0171055 -0.000887546 
1.54808 0.0101305 1.91285 0.0070889 0.00160143 0.00123506 -0.000783267 0.00177559 -0.0714346 -0.00905765 -0.0173727 0.000379925 
1.54803 0.00998226 1.91264 0.00687539 0.00148342 0.00110074 -0.00103201 0.00136203 -0.0713707 -0.00973906 -0.0171018 0.000536947 
1.54788 0.0105391 1.91275 0.00680201 0.00171157 0.00129482 -0.00133288 0.00116787 -0.0699517 -0.00912174 -0.0169841 0.00168854 
1.54758 0.0103638 1.91265 0.00668777 0.0016511 0.00118486 -0.00164958 0.000867625 -0.069902 -0.0100529 -0.016143 0.00169782 
1.54733 0.0108737 1.91278 0.00629845 0.00173005 0.00127551 -0.00186067 0.000799658 -0.0684581 -0.00913416 -0.0155529 0.00296795 
1.54709 0.0106729 1.91268 0.00581416 0.00124915 0.00122513 -0.00211032 0.000366695 -0.0688749 -0.00939839 -0.0146224 0.00271003 
1.54688 0.0112165 1.91279 0.00572135 0.00144129 0.00150035 -0.002221 0.000205493 -0.0676595 -0.00843075 -0.0142299 0.003569 
1.54649 0.0109658 1.91267 0.00529575 0.00112674 0.00137658 -0.00244527 -0.000397201 -0.0679465 -0.00918456 -0.0131305 0.00338135 
1.54631 0.011539 1.91287 0.00508758 0.00109652 0.00137487 -0.00258461 -0.000505013 -0.0667214 -0.00799953 -0.0131512 0.00430347 
1.54598 0.0112799 1.91275 0.00489269 0.000828803 0.00149148 -0.0027188 -0.000915667 -0.0670206 -0.00779944 -0.0121439 0.0041649 
1.54562 0.0116787 1.91284 0.00445888 0.00112629 0.00151125 -0.00291102 -0.000953615 -0.0656055 -0.00681776 -0.0112176 0.00536652 
1.5455 0.0115284 1.91267 0.00432791 0.00109713 0.00134374 -0.00306607 -0.0011485 -0.0655656 -0.00706696 -0.0104875 0.00537779 
1.54524 0.0120416 1.91288 0.00414222 0.00142814 0.00139249 -0.00311729 -0.00117524 -0.0643941 -0.00605027 -0.00954043 0.00627267 
1.545 0.0118125 1.91279 0.0039697 0.000839485 0.00131607 -0.0031644 -0.00169165 -0.0645417 -0.00614107 -0.00892065 0.0059008 
1.54446 0.0122275 1.91298 0.00342199 0.00102789 0.00148806 -0.00322963 -0.0018259 -0.0635496 -0.00485291 -0.00753369 0.00670017 
1.5443 0.0121958 1.91296 0.00298692 0.000797597 0.00168017 -0.00342352 -0.00198561 -0.063857 -0.00441735 -0.00641166 0.00634694 
1.54423 0.0127614 1.9131 0.00288406 0.00109658 0.00166794 -0.00359282 -0.00184861 -0.0623833 -0.00336482 -0.0053008 0.00756915 
1.54389 0.0126937 1.91299 0.00258035 0.000846451 0.00155839 -0.00373329 -0.00204448 -0.0627532 -0.00290581 -0.00425772 0.00722708 
1.54364 0.0129421 1.91317 0.0024753 0.000799719 0.00180586 -0.00379625 -0.00199998 -0.0615967 -0.00168502 -0.00309553 0.00801365 
1.54329 0.012832 1.91308 0.00220246 0.000374138 0.00182014 -0.00382483 -0.00245193 -0.0619589 -0.00103354 -0.00202665 0.00781034 
1.54316 0.0132192 1.91326 0.00206408 0.000430145 0.00206686 -0.00390853 -0.00225716 -0.0613202 -9.12672e-05 -0.000748559 0.0082023 
1.54303 0.0131505 1.91311 0.00201408 0.000328831 0.00197217 -0.00390057 -0.00237618 -0.061932 0.000320132 -0.000102214 0.00776094 
1.54287 0.0133849 1.9132 0.00191981 0.000373626 0.00201324 -0.00376264 -0.0022538 -0.0608687 0.00179741 0.00135471 0.00840341 
1.54288 0.0133115 1.913 0.00189941 0.000375462 0.00179303 -0.00368928 -0.00225677 -0.0611092 0.00213773 0.0018495 0.00814684 
1.54281 0.0135768 1.9131 0.00185836 0.0004327 0.00181529 -0.00366278 -0.00202841 -0.0600633 0.00382783 0.00280701 0.00895639 
1.54271 0.0133293 1.91291 0.00181529 0.000281518 0.00175116 -0.00341331 -0.00199942 -0.0605184 0.00419426 0.00373125 0.00857078 
1.54276 0.0135447 1.9131 0.00181302 0.000394578 0.0018194 -0.0033946 -0.00181231 -0.0596611 0.00539444 0.00434972 0.00924139 
1.54275 0.0133177 1.91295 0.00184295 0.0002952 0.00205282 -0.00317794 -0.00173199 -0.0600341 0.00569505 0.00500708 0.00905932 
1.54269 0.0135991 1.91301 0.0018701 0.000457789 0.00194568 -0.00312406 -0.00161992 -0.0590072 0.00711537 0.00558269 0.00989049 
1.54257 0.0135852 1.91298 0.00159449 0.000240642 0.00197325 -0.00297352 -0.00164415 -0.0589768 0.00751766 0.00614833 0.0101244 
1.54273 0.0137132 1.91305 0.00169326 0.000180135 0.00195117 -0.00290043 -0.00134158 -0.0580611 0.00815423 0.00661834 0.0106108 
1.5425 0.0137572 1.91306 0.00154945 0.000148846 0.00200827 -0.00270694 -0.00134578 -0.0581159 0.00881501 0.00730094 0.0104992 
1.54254 0.0137792 1.91315 0.00142617 0.000366721 0.00201809 -0.00274439 -0.00116765 -0.057199 0.00935914 0.00727063 0.0109922 
1.54231 0.0137929 1.91306 0.0012083 0.00047429 0.00196012 -0.00243903 -0.00127853 -0.0574703 0.00981415 0.00809552 0.010664 
1.54255 0.013934 1.9131 0.00159244 0.000516607 0.0019554 -0.00245453 -0.000931323 -0.0567092 0.0107786 0.00859594 0.0109343 
1.54249 0.0140694 1.91303 0.00146087 0.000612809 0.00175208 -0.00227351 -0.00104313 -0.0568502 0.0114179 0.00863619 0.0107738 
1.54275 0.0140668 1.91308 0.00156216 0.000680026 0.00175591 -0.00222135 -0.000821425 -0.056267 0.0117994 0.00910028 0.0108437 
1.54278 0.0140412 1.91301 0.00165174 0.000519423 0.00176205 -0.00202327 -0.000801813 -0.0566846 0.012648 0.00933616 0.0105995 
1.54296 0.0142187 1.91313 0.00185922 0.000758431 0.00211682 -0.0019221 -0.000639667 -0.0560817 0.0135413 0.00933263 0.0110657 
1.54279 0.0141993 1.91307 0.00180994 0.000641711 0.00222014 -0.00166555 -0.000609828 -0.0564031 0.0138934 0.00979038 0.0106347 
1.54311 0.0140315 1.91309 0.00196861 0.000493492 0.0023625 -0.00155315 -0.000329944 -0.0561176 0.0142782 0.00971706 0.0105926 
1.54298 0.0138964 1.9131 0.00194006 0.000409485 0.00215534 -0.00127913 -0.000195074 -0.0562727 0.0143481 0.00970983 0.0104295 
1.54323 0.0139008 1.91321 0.00199181 0.000428389 0.00233852 -0.00128249 1.03957e-05 -0.0556035 0.0147548 0.00945868 0.0107548 
1.54322 0.0136519 1.91317 0.00206228 7.97031e-05 0.00219942 -0.00091143 0.000204846 -0.0557614 0.0148396 0.00980858 0.0103484 
1.54353 0.0136288 1.9133 0.00208612 -1.17517e-05 0.00224429 -0.00073947 0.000311309 -0.0557122 0.0152091 0.00930344 0.0103637 
1.5434 0.0133683 1.91318 0.00184474 -0.000225283 0.00208918 -0.00039619 0.000369615 -0.056235 0.0149027 0.00921722 0.00979098 
1.54355 0.0133724 1.91331 0.00178544 -0.000333736 0.00182715 -0.000179937 0.000516448 -0.0559838 0.0152221 0.009344 0.00975895 
1.54342 0.0132331 1.91322 0.00180984 -0.000540925 0.00178053 0.000200597 0.000575481 -0.0565282 0.0150354 0.00962862 0.00928484 
1.54383 0.0130686 1.91322 0.00198358 -0.000626468 0.00182379 0.000430486 0.000763319 -0.0559189 0.014863 0.00889428 0.00956393 
1.54363 0.0128875 1.91302 0.00186529 -0.000847974 0.00191527 0.000614769 0.000749928 -0.0561341 0.0144181 0.00866039 0.00932716 
1.54394 0.0129021 1.91311 0.00204348 -0.0010329 0.00211271 0.000646265 0.000794274 -0.0552835 0.0144138 0.00849836 0.0098045 
1.54379 0.0127219 1.91297 0.00190784 -0.00128306 0.00210708 0.000978565 0.000842664 -0.0553671 0.0139959 0.00899498 0.00961772 
1.54425 0.0126007 1.91308 0.00221422 -0.00145923 0.00217056 0.00102208 0.00113994 -0.0546794 0.0136689 0.00841077 0.00990063 
1.54423 0.0124625 1.91291 0.00236393 -0.00168127 0.00203914 0.00127622 0.00112265 -0.0549293 0.0132114 0.00831547 0.0096563 
1.54465 0.0122149 1.91306 0.00259709 -0.001729 0.00205532 0.00135713 0.00138337 -0.0536297 0.0126784 0.00801767 0.0105042 
1.5446 0.0119875 1.91298 0.002502 -0.00189676 0.00205445 0.00167121 0.00153121 -0.0538107 0.0120401 0.00778547 0.0102354 
1.54502 0.0117121 1.91306 0.0026627 -0.00205368 0.00200687 0.00180106 0.00162671 -0.0529877 0.0113469 0.00710147 0.0107711 
