1499.97 799.869 1699.94 -100 5.88018e-05 -180 
1500 799.983 1699.99 -100 5.46258e-05 -180 
1500 800.001 1700 -100 5.3948e-05 -180 
1500 800.001 1700 -100 5.39476e-05 -180 
1500 800.001 1700 -100 5.39477e-05 -180 
1500 800.001 1700 -100 5.39532e-05 -180 
1500 800.001 1700 -100 5.39513e-05 -180 
1500 800.001 1700 -100 5.39499e-05 -180 
1500 800.001 1700 -100 5.3948e-05 -180 
1500 800.001 1700 -100 5.39476e-05 -180 
1500 800.001 1700 -100 5.39476e-05 -180 
1500 800.001 1700 -100 5.39476e-05 -180 
1500 800.001 1700 -100 5.39476e-05 -180 
1500 800.001 1700 -100 5.39476e-05 -180 
1500 800.001 1700 -100 5.39476e-05 -180 
1500 800.001 1700 -100 5.39476e-05 -180 
1500 800.001 1700 -100 5.39476e-05 -180 
1500 800.001 1700 -100 5.39476e-05 -180 
1500 800.001 1700 -100 5.39476e-05 -180 
1500 800.001 1700 -100 5.39476e-05 -180 
1500 800.001 1700 -100 5.39476e-05 -180 
1500 800.001 1700 -100 5.39476e-05 -180 
1500 800.001 1700 -100 5.39476e-05 -180 
1500 800.001 1700 -100 5.39476e-05 -180 
1500 800.001 1700 -100 5.39476e-05 -180 
1500 800.001 1700 -100 5.39476e-05 -180 
1500 800.001 1700 -100 5.39476e-05 -180 
1500 800.001 1700 -100 5.39476e-05 -180 
1500 800.001 1700 -100 5.39476e-05 -180 
1500 800.001 1700 -100 5.39476e-05 -180 
1500 800.001 1700 -100 5.39476e-05 -180 
1500 800.001 1700 -100 5.39476e-05 -180 
1500 800.001 1700 -100 5.39476e-05 -180 
1500 800.001 1700 -100 5.39476e-05 -180 
1500 800.001 1700 -100 5.39476e-05 -180 
1500 800.001 1700 -100 5.39476e-05 -180 
1500 800.001 1700 -100 5.39476e-05 -180 
1500 800.001 1700 -100 5.39476e-05 -180 
1500 800.001 1700 -100 5.39476e-05 -180 
1500 800.001 1700 -100 5.39476e-05 -180 
1500 800.001 1700 -100 5.39476e-05 -180 
1500 800.001 1700 -100 5.39476e-05 -180 
1500 800.001 1700 -100 5.39476e-05 -180 
1500 800.001 1700 -100 5.39476e-05 -180 
1500 800.001 1700 -100 5.39476e-05 -180 
1500 800.001 1700 -100 5.39476e-05 -180 
1500 800.001 1700 -100 5.39476e-05 -180 
1500 800.001 1700 -100 5.39476e-05 -180 
1500 800.001 1700 -100 5.39476e-05 -180 
1500 800.001 1700 -100 5.39476e-05 -180 
1500 800.001 1700 -100 5.39476e-05 -180 
1500 800.001 1700 -100 5.39476e-05 -180 
1500 800.001 1700 -100 5.39476e-05 -180 
1500 800.001 1700 -100 5.39476e-05 -180 
1500 800.001 1700 -100 5.39476e-05 -180 
1500 800.001 1700 -100 5.39476e-05 -180 
1500 800.001 1700 -100 5.39476e-05 -180 
1500 800.001 1700 -100 5.39476e-05 -180 
1500 800.001 1700 -100 5.39476e-05 -180 
1500 800.001 1700 -100 5.39476e-05 -180 
1500 800.001 1700 -100 5.39476e-05 -180 
1500 800.001 1700 -100 5.39476e-05 -180 
1500 800.001 1700 -100 5.39476e-05 -180 
1500 800.001 1700 -100 5.39476e-05 -180 
1500 800.001 1700 -100 5.39476e-05 -180 
1500 800.001 1700 -100 5.39476e-05 -180 
1500 800.001 1700 -100 5.39476e-05 -180 
1500 800.001 1700 -100 5.39476e-05 -180 
1500 800.001 1700 -100 5.39476e-05 -180 
1500 800.001 1700 -100 5.39476e-05 -180 
1500 800.001 1700 -100 5.39476e-05 -180 
1500 800.001 1700 -100 5.39476e-05 -180 
1500 800.001 1700 -100 5.39476e-05 -180 
1500 800.001 1700 -100 5.39476e-05 -180 
1500 800.001 1700 -100 5.39476e-05 -180 
1500 800.001 1700 -100 5.39476e-05 -180 
1500 800.001 1700 -100 5.39476e-05 -180 
1500 800.001 1700 -100 5.39476e-05 -180 
1500 800.001 1700 -100 5.39476e-05 -180 
1500 800.001 1700 -100 5.39476e-05 -180 
1500 800.001 1700 -100 5.39476e-05 -180 
1500 800.001 1700 -100 5.39476e-05 -180 
1500 800.001 1700 -100 5.39476e-05 -180 
1500 800.001 1700 -100 5.39476e-05 -180 
1500 800.001 1700 -100 5.39476e-05 -180 
1500 800.001 1700 -100 5.39476e-05 -180 
1500 800.001 1700 -100 5.39476e-05 -180 
1500 800.001 1700 -100 5.39476e-05 -180 
1500 800.001 1700 -100 5.39476e-05 -180 
1500 800.001 1700 -100 5.39476e-05 -180 
1500 800.001 1700 -100 5.39476e-05 -180 
1500 800.001 1700 -100 5.39476e-05 -180 
1500 800.001 1700 -100 5.39476e-05 -180 
1500 800.001 1700 -100 5.39476e-05 -180 
1500 800.001 1700 -100 5.39476e-05 -180 
1500 800.001 1700 -100 5.39476e-05 -180 
1500 800.001 1700 -100 5.39476e-05 -180 
1500 800.001 1700 -100 5.39476e-05 -180 
1500 800.001 1700 -100 5.39476e-05 -180 
1500 800.001 1700 -100 5.39476e-05 -180 
1500 800.001 1700 -100 5.39476e-05 -180 
1500 800.001 1700 -100 5.39476e-05 -180 
1500 800.001 1700 -100 5.39476e-05 -180 
1500 800.001 1700 -100 5.39476e-05 -180 
1500 800.001 1700 -100 5.39476e-05 -180 
1500 800.001 1700 -100 5.39476e-05 -180 
1500 800.001 1700 -100 5.39476e-05 -180 
1500 800.001 1700 -100 5.39476e-05 -180 
1500 800.001 1700 -100 5.39476e-05 -180 
1500 800.001 1700 -100 5.39476e-05 -180 
1500 800.001 1700 -100 5.39476e-05 -180 
1500 800.001 1700 -100 5.39476e-05 -180 
1500 800.001 1700 -100 5.39476e-05 -180 
1500 800.001 1700 -100 5.39476e-05 -180 
1500 800.001 1700 -100 5.39476e-05 -180 
1500 800.001 1700 -100 5.39476e-05 -180 
1500 800.001 1700 -100 5.39476e-05 -180 
1500 800.001 1700 -100 5.39476e-05 -180 
1500 800.001 1700 -100 5.39476e-05 -180 
1500 800.001 1700 -100 5.39476e-05 -180 
1500 800.001 1700 -100 5.39476e-05 -180 
1500 800.001 1700 -100 5.39476e-05 -180 
1500 800.001 1700 -100 5.39476e-05 -180 
1500 800.001 1700 -100 5.39476e-05 -180 
1500 800.001 1700 -100 5.39476e-05 -180 
1500 800.001 1700 -100 5.39476e-05 -180 
1500 800.001 1700 -100 5.39476e-05 -180 
1500 800.001 1700 -100 5.39476e-05 -180 
1500 800.001 1700 -100 5.39476e-05 -180 
1500 800.001 1700 -100 5.39476e-05 -180 
1500 800.001 1700 -100 5.39476e-05 -180 
1500 800.001 1700 -100 5.39476e-05 -180 
1500 800.001 1700 -100 5.39476e-05 -180 
1500 800.001 1700 -100 5.39476e-05 -180 
1500 800.001 1700 -100 5.39476e-05 -180 
1500 800.001 1700 -100 5.39476e-05 -180 
1500 800.001 1700 -100 5.39476e-05 -180 
1500 800.001 1700 -100 5.39476e-05 -180 
1500 800.001 1700 -100 5.39476e-05 -180 
1500 800.001 1700 -100 5.39476e-05 -180 
1500 800.001 1700 -100 5.39476e-05 -180 
1500 800.001 1700 -100 5.39476e-05 -180 
1500 800.001 1700 -100 5.39476e-05 -180 
1500 800.001 1700 -100 5.39476e-05 -180 
1500 800.001 1700 -100 5.39476e-05 -180 
1500 800.001 1700 -100 5.39476e-05 -180 
1500 800.001 1700 -100 5.39476e-05 -180 
1500 800.001 1700 -100 5.39476e-05 -180 
1500 800.001 1700 -100 5.39476e-05 -180 
1500 800.001 1700 -100 5.39476e-05 -180 
1500 800.001 1700 -100 5.39476e-05 -180 
1500 800.001 1700 -100 5.39476e-05 -180 
1500 800.001 1700 -100 5.39476e-05 -180 
1500 800.001 1700 -100 5.39476e-05 -180 
1500 800.001 1700 -100 5.39476e-05 -180 
1500 800.001 1700 -100 5.39476e-05 -180 
1500 800.001 1700 -100 5.39476e-05 -180 
1500 800.001 1700 -100 5.39558e-05 -180 
1500 800.001 1700 -100 5.39542e-05 -180 
1500 800.001 1700 -100 5.39517e-05 -180 
1500 800.001 1700 -100 5.39501e-05 -180 
1500 800.001 1700 -100 5.39481e-05 -180 
1500 800.001 1700 -100 5.39476e-05 -180 
1500 800.001 1700 -100 5.39476e-05 -180 
1500 800.001 1700 -100 5.39511e-05 -180 
1500 800.001 1700 -100 5.39531e-05 -180 
1500 800.001 1700 -100 5.39509e-05 -180 
1500 800.001 1700 -100 5.39476e-05 -180 
1500 800.001 1700 -100 5.39476e-05 -180 
1500 800.001 1700 -100 5.39479e-05 -180 
1500 799.969 1700 -100 5.39509e-05 -180 
1499.99 799.813 1699.99 -100 5.39335e-05 -180 
1499.96 799.35 1699.96 -100 5.38875e-05 -180 
1499.91 798.608 1699.91 -100 5.38164e-05 -180 
1499.85 797.564 1699.85 -100 5.37169e-05 -180 
1499.76 796.112 1699.76 -100 5.35752e-05 -180 
1499.66 794.532 1699.66 -100 5.34185e-05 -180 
1499.57 793.138 1699.57 -100 5.32803e-05 -180 
1499.46 791.345 1699.46 -100 5.31037e-05 -180 
1499.39 790.15 1699.39 -100 5.29865e-05 -180 
1499.3 788.755 1699.3 -100 5.28503e-05 -180 
1499.2 787.161 1699.2 -100 5.26955e-05 -180 
1499.1 785.568 1699.1 -100 5.25415e-05 -180 
1499.01 784.173 1699.01 -100 5.24073e-05 -180 
1498.93 782.778 1698.93 -100 5.22738e-05 -180 
1498.83 781.185 1698.83 -100 5.21219e-05 -180 
1498.74 779.79 1698.74 -100 5.19896e-05 -180 
1498.64 778.196 1698.64 -100 5.18392e-05 -180 
1498.55 776.802 1698.55 -100 5.17081e-05 -180 
1498.45 775.208 1698.45 -100 5.1559e-05 -180 
1498.37 773.813 1698.37 -100 5.14292e-05 -180 
1498.27 772.22 1698.27 -100 5.12815e-05 -180 
1498.18 770.825 1698.18 -100 5.11528e-05 -180 
1498.09 769.431 1698.09 -100 5.10247e-05 -180 
1497.99 767.837 1697.99 -100 5.08789e-05 -180 
1497.9 766.442 1697.9 -100 5.0752e-05 -180 
1497.81 764.848 1697.81 -100 5.06075e-05 -180 
1497.7 763.255 1697.7 -100 5.04637e-05 -180 
1497.62 761.86 1697.62 -100 5.03384e-05 -180 
1497.52 760.266 1697.52 -100 5.01958e-05 -180 
1497.43 758.872 1697.43 -100 5.00716e-05 -180 
1497.34 757.477 1697.34 -100 4.99479e-05 -180 
1497.24 755.883 1697.24 -100 4.98072e-05 -180 
1497.16 754.489 1697.16 -100 4.96845e-05 -180 
1497.07 753.094 1697.07 -100 4.95623e-05 -180 
1496.97 751.5 1696.97 -100 4.94233e-05 -180 
1496.88 750.106 1696.88 -100 4.93021e-05 -180 
1496.78 748.512 1696.78 -100 4.91642e-05 -180 
1496.68 746.918 1696.68 -100 4.90269e-05 -180 
1496.6 745.524 1696.6 -100 4.89072e-05 -180 
1496.51 744.129 1696.51 -100 4.8788e-05 -180 
1496.41 742.535 1696.41 -100 4.86523e-05 -180 
1496.32 741.141 1696.32 -100 4.85341e-05 -180 
1496.22 739.547 1696.22 -100 4.83995e-05 -180 
1496.14 738.152 1696.14 -100 4.82821e-05 -180 
1496.04 736.559 1696.04 -100 4.81486e-05 -180 
1495.95 735.164 1695.95 -100 4.80322e-05 -180 
1495.85 733.57 1695.85 -100 4.78997e-05 -180 
1495.76 732.176 1695.76 -100 4.77841e-05 -180 
1495.66 730.582 1695.66 -100 4.76526e-05 -180 
1495.58 729.187 1695.58 -100 4.7538e-05 -180 
1495.49 727.793 1695.49 -100 4.74238e-05 -180 
1495.39 726.199 1695.39 -100 4.72937e-05 -180 
1495.3 724.804 1695.3 -100 4.71803e-05 -180 
1495.2 723.211 1695.2 -100 4.70512e-05 -180 
1495.09 721.418 1695.09 -100 4.69066e-05 -180 
1495.02 720.222 1695.02 -100 4.68105e-05 -180 
1494.83 717.234 1694.83 -100 4.65715e-05 -180 
1494.74 715.839 1694.74 -100 4.64606e-05 -180 
1494.64 714.245 1694.64 -100 4.63343e-05 -180 
1494.56 712.851 1694.56 -100 4.62241e-05 -180 
1494.46 711.257 1694.45 -100 4.60987e-05 -180 
1494.37 709.863 1694.37 -100 4.59893e-05 -180 
1494.28 708.468 1694.28 -100 4.58803e-05 -180 
1494.18 706.874 1694.18 -100 4.57561e-05 -180 
1494.08 705.28 1694.08 -100 4.56324e-05 -180 
1493.99 703.886 1693.99 -100 4.55245e-05 -180 
1493.91 702.491 1693.91 -100 4.5417e-05 -180 
1493.81 700.898 1693.81 -100 4.52945e-05 -180 
1493.72 699.503 1693.72 -100 4.51877e-05 -180 
1493.62 697.909 1693.62 -100 4.50661e-05 -180 
1493.53 696.515 1693.53 -100 4.49599e-05 -180 
1493.43 694.921 1693.43 -100 4.48391e-05 -180 
1493.35 693.526 1693.35 -100 4.47337e-05 -180 
1493.22 691.534 1693.22 -100 4.45836e-05 -180 
1493.16 690.538 1693.16 -100 4.45088e-05 -180 
1493.06 688.944 1693.06 -100 4.43895e-05 -180 
1492.97 687.55 1692.97 -100 4.42855e-05 -180 
1492.89 686.155 1692.89 -100 4.41817e-05 -180 
1492.79 684.561 1692.79 -100 4.40635e-05 -180 
1492.6 681.573 1692.6 -100 4.38429e-05 -180 
1492.5 679.979 1692.5 -100 4.37258e-05 -180 
1492.41 678.585 1692.41 -100 4.36237e-05 -180 
1492.33 677.19 1692.33 -100 4.35219e-05 -180 
1492.23 675.596 1692.23 -100 4.34058e-05 -180 
1492.13 674.002 1692.13 -100 4.32902e-05 -180 
1492.04 672.608 1692.04 -100 4.31892e-05 -180 
1491.95 671.213 1691.95 -100 4.30886e-05 -180 
1491.85 669.62 1691.85 -100 4.2974e-05 -180 
1491.77 668.225 1691.77 -100 4.28739e-05 -180 
1491.67 666.631 1691.67 -100 4.276e-05 -180 
1491.57 665.037 1691.57 -100 4.26463e-05 -180 
1491.49 663.842 1691.49 -100 4.25613e-05 -180 
1491.37 661.85 1691.37 -100 4.24201e-05 -180 
1491.31 660.854 1691.31 -100 4.23497e-05 -180 
1491.21 659.26 1691.2 -100 4.22373e-05 -180 
1491.12 657.865 1691.12 -100 4.21392e-05 -180 
1491.02 656.271 1691.02 -100 4.20275e-05 -180 
1490.93 654.877 1690.93 -100 4.193e-05 -180 
1490.83 653.283 1690.83 -100 4.18188e-05 -180 
1490.74 651.889 1690.74 -100 4.17219e-05 -180 
1490.64 650.295 1690.64 -100 4.16113e-05 -180 
1490.56 648.9 1690.56 -100 4.15149e-05 -180 
1490.46 647.307 1690.46 -100 4.1405e-05 -180 
1490.37 645.912 1690.37 -100 4.1309e-05 -180 
1490.27 644.318 1690.27 -100 4.11997e-05 -180 
1490.18 642.923 1690.18 -100 4.11043e-05 -180 
1490.09 641.33 1690.09 -100 4.09955e-05 -180 
1490 639.935 1690 -100 4.09006e-05 -180 
1489.9 638.341 1689.9 -100 4.07924e-05 -180 
1489.81 636.947 1689.81 -100 4.0698e-05 -180 
1489.72 635.552 1689.72 -100 4.06038e-05 -180 
1489.62 633.958 1689.62 -100 4.04964e-05 -180 
1489.54 632.564 1689.54 -100 4.04027e-05 -180 
1489.44 630.97 1689.44 -100 4.02958e-05 -180 
1489.35 629.576 1689.35 -100 4.02026e-05 -180 
1489.25 627.982 1689.25 -100 4.00963e-05 -180 
1489.16 626.587 1689.16 -100 4.00035e-05 -180 
1489.06 624.993 1689.06 -100 3.98977e-05 -180 
1488.98 623.599 1688.98 -100 3.98054e-05 -180 
1488.88 622.005 1688.88 -100 3.97001e-05 -180 
1488.79 620.611 1688.79 -100 3.96082e-05 -180 
1488.7 619.216 1688.7 -100 3.95166e-05 -180 
1488.6 617.622 1688.6 -100 3.9412e-05 -180 
1488.52 616.228 1688.52 -100 3.93208e-05 -180 
1488.42 614.634 1688.42 -100 3.92168e-05 -180 
1488.33 613.239 1688.33 -100 3.9126e-05 -180 
1488.23 611.645 1688.23 -100 3.90224e-05 -180 
1488.14 610.251 1688.14 -100 3.8932e-05 -180 
1488.04 608.657 1688.04 -100 3.8829e-05 -180 
1487.96 607.263 1687.95 -100 3.8739e-05 -180 
1487.87 605.868 1687.87 -100 3.86492e-05 -180 
1487.77 604.274 1687.77 -100 3.85468e-05 -180 
1487.67 602.68 1687.67 -100 3.84447e-05 -180 
1487.58 601.286 1687.58 -100 3.83555e-05 -180 
1487.48 599.692 1687.48 -100 3.82538e-05 -180 
1487.39 598.298 1687.39 -100 3.81651e-05 -180 
1487.31 596.903 1687.31 -100 3.80765e-05 -180 
1487.21 595.309 1687.21 -100 3.79754e-05 -180 
1487.12 593.915 1687.12 -100 3.78872e-05 -180 
1487.01 592.121 1687.01 -100 3.77741e-05 -180 
1486.93 590.926 1686.93 -100 3.76988e-05 -180 
1486.84 589.332 1686.84 -100 3.75986e-05 -180 
1486.75 587.938 1686.75 -100 3.75112e-05 -180 
1486.65 586.344 1686.65 -100 3.74114e-05 -180 
1486.56 584.949 1686.56 -100 3.73243e-05 -180 
1486.46 583.356 1686.46 -100 3.7225e-05 -180 
1486.37 581.961 1686.37 -100 3.71383e-05 -180 
1486.29 580.567 1686.29 -100 3.70517e-05 -180 
1486.19 578.973 1686.19 -100 3.6953e-05 -180 
1486.1 577.578 1686.1 -100 3.68668e-05 -180 
1486 575.984 1686 -100 3.67684e-05 -180 
1485.91 574.59 1685.91 -100 3.66826e-05 -180 
1485.81 572.996 1685.81 -100 3.65846e-05 -180 
1485.73 571.602 1685.73 -100 3.64991e-05 -180 
1485.63 570.008 1685.63 -100 3.64015e-05 -180 
1485.54 568.613 1685.54 -100 3.63163e-05 -180 
1485.44 567.019 1685.44 -100 3.62192e-05 -180 
1485.35 565.625 1685.35 -100 3.61343e-05 -180 
1485.25 564.031 1685.25 -100 3.60375e-05 -180 
1485.17 562.636 1685.17 -100 3.59529e-05 -180 
1485.07 561.043 1685.07 -100 3.58565e-05 -180 
1484.98 559.648 1684.98 -100 3.57723e-05 -180 
1484.88 558.054 1684.88 -100 3.56762e-05 -180 
1484.79 556.66 1684.79 -100 3.55923e-05 -180 
1484.69 555.066 1684.69 -100 3.54966e-05 -180 
1484.61 553.671 1684.61 -100 3.5413e-05 -180 
1484.52 552.277 1684.52 -100 3.53295e-05 -180 
1484.42 550.683 1684.42 -100 3.52343e-05 -180 
1484.33 549.288 1684.33 -100 3.51511e-05 -180 
1484.23 547.695 1684.23 -100 3.50563e-05 -180 
1484.15 546.3 1684.14 -100 3.49734e-05 -180 
1484.05 544.706 1684.05 -100 3.48789e-05 -180 
1483.96 543.312 1683.96 -100 3.47963e-05 -180 
1483.87 541.917 1683.87 -100 3.47139e-05 -180 
1483.77 540.323 1683.77 -100 3.46198e-05 -180 
1483.67 538.73 1683.67 -100 3.45259e-05 -180 
1483.59 537.335 1683.59 -100 3.44439e-05 -180 
1483.5 535.941 1683.5 -100 3.4362e-05 -180 
1483.4 534.347 1683.4 -100 3.42686e-05 -180 
1483.31 532.952 1683.31 -100 3.4187e-05 -180 
1483.21 531.358 1683.21 -100 3.40939e-05 -180 
1483.12 529.964 1683.12 -100 3.40126e-05 -180 
1483.03 528.37 1683.02 -100 3.39198e-05 -180 
1482.94 526.976 1682.94 -100 3.38388e-05 -180 
1482.85 525.581 1682.85 -100 3.37578e-05 -180 
1482.75 523.987 1682.75 -100 3.36655e-05 -180 
1482.65 522.393 1682.65 -100 3.35733e-05 -180 
1482.56 520.999 1682.56 -100 3.34928e-05 -180 
1482.46 519.405 1682.46 -100 3.34009e-05 -180 
1482.38 518.01 1682.38 -100 3.33206e-05 -180 
1482.29 516.616 1682.29 -100 3.32404e-05 -180 
1482.19 515.022 1682.19 -100 3.3149e-05 -180 
1482.09 513.428 1682.09 -100 3.30576e-05 -180 
1482 512.034 1682 -100 3.29779e-05 -180 
1481.92 510.639 1681.92 -100 3.28982e-05 -180 
1481.82 509.045 1681.82 -100 3.28073e-05 -180 
1481.73 507.651 1681.73 -100 3.27279e-05 -180 
1481.63 506.057 1681.63 -100 3.26372e-05 -180 
1481.54 504.662 1681.54 -100 3.2558e-05 -180 
1481.44 503.069 1681.44 -100 3.24677e-05 -180 
1481.36 501.674 1681.36 -100 3.23887e-05 -180 
1481.27 500.279 1681.27 -100 3.23099e-05 -180 
1481.17 498.686 1681.17 -100 3.22199e-05 -180 
1481.07 497.092 1681.07 -100 3.21301e-05 -180 
1480.98 495.697 1680.98 -100 3.20516e-05 -180 
1480.88 494.104 1680.88 -100 3.1962e-05 -180 
1480.77 492.311 1680.77 -100 3.18614e-05 -180 
1480.71 491.315 1680.71 -100 3.18055e-05 -180 
1480.61 489.721 1680.61 -100 3.17163e-05 -180 
1480.52 488.326 1680.52 -100 3.16384e-05 -180 
1480.42 486.732 1680.42 -100 3.15494e-05 -180 
1480.32 485.139 1680.32 -100 3.14606e-05 -180 
1480.24 483.744 1680.23 -100 3.1383e-05 -180 
1480.15 482.349 1680.15 -100 3.13055e-05 -180 
1480.05 480.756 1680.05 -100 3.1217e-05 -180 
1479.96 479.361 1679.96 -100 3.11397e-05 -180 
1479.86 477.767 1679.86 -100 3.10514e-05 -180 
1479.76 476.173 1679.76 -100 3.09633e-05 -180 
1479.67 474.779 1679.67 -100 3.08863e-05 -180 
1479.59 473.384 1679.59 -100 3.08094e-05 -180 
1479.49 471.791 1679.49 -100 3.07216e-05 -180 
1479.4 470.396 1679.4 -100 3.06449e-05 -180 
1479.31 469.002 1679.31 -100 3.05684e-05 -180 
1479.21 467.408 1679.21 -100 3.04809e-05 -180 
1479.13 466.013 1679.13 -100 3.04045e-05 -180 
1479.03 464.419 1679.03 -100 3.03173e-05 -180 
1478.93 462.825 1678.93 -100 3.02302e-05 -180 
1478.84 461.431 1678.84 -100 3.01541e-05 -180 
1478.75 460.036 1678.75 -100 3.0078e-05 -180 
1478.65 458.443 1678.65 -100 2.99912e-05 -180 
1478.57 457.048 1678.57 -100 2.99154e-05 -180 
1478.47 455.454 1678.47 -100 2.98288e-05 -180 
1478.38 454.06 1678.38 -100 2.97532e-05 -180 
1478.28 452.466 1678.28 -100 2.96668e-05 -180 
1478.19 451.071 1678.19 -100 2.95913e-05 -180 
1478.09 449.478 1678.09 -100 2.95052e-05 -180 
1478.01 448.083 1678.01 -100 2.94299e-05 -180 
1477.92 446.688 1677.92 -100 2.93547e-05 -180 
1477.82 445.095 1677.82 -100 2.92688e-05 -180 
1477.73 443.7 1677.73 -100 2.91938e-05 -180 
1477.63 442.106 1677.63 -100 2.91081e-05 -180 
1477.55 440.712 1677.55 -100 2.90333e-05 -180 
1477.45 439.118 1677.45 -100 2.89478e-05 -180 
1477.36 437.723 1677.36 -100 2.88731e-05 -180 
1477.26 436.13 1677.26 -100 2.87879e-05 -180 
1477.17 434.735 1677.17 -100 2.87133e-05 -180 
1477.09 433.341 1677.09 -100 2.86389e-05 -180 
1476.99 431.747 1676.98 -100 2.85539e-05 -180 
1476.9 430.352 1676.9 -100 2.84796e-05 -180 
1476.8 428.758 1676.8 -100 2.83948e-05 -180 
1476.71 427.364 1676.71 -100 2.83207e-05 -180 
1476.61 425.77 1676.61 -100 2.82361e-05 -180 
1476.51 424.176 1676.51 -100 2.81516e-05 -180 
1476.39 422.184 1676.39 -100 2.80461e-05 -180 
1476.34 421.387 1676.34 -100 2.80039e-05 -180 
1476.2 419.196 1676.2 -100 2.78881e-05 -180 
1476.15 418.399 1676.15 -100 2.7846e-05 -180 
1476.06 417.004 1676.06 -100 2.77725e-05 -180 
1475.96 415.41 1675.96 -100 2.76885e-05 -180 
1475.87 413.817 1675.87 -100 2.76046e-05 -180 
1475.75 412.024 1675.75 -100 2.75103e-05 -180 
1475.69 411.027 1675.69 -100 2.7458e-05 -180 
1475.59 409.434 1675.59 -100 2.73743e-05 -180 
1475.49 407.84 1675.49 -100 2.72908e-05 -180 
1475.4 406.445 1675.4 -100 2.72177e-05 -180 
1475.32 405.051 1675.32 -100 2.71448e-05 -180 
1475.22 403.457 1675.22 -100 2.70615e-05 -180 
1475.12 401.863 1675.12 -100 2.69782e-05 -180 
1475.03 400.469 1675.03 -100 2.69055e-05 -180 
1474.94 399.074 1674.94 -100 2.68328e-05 -180 
1474.84 397.48 1674.84 -100 2.67498e-05 -180 
1474.76 396.086 1674.76 -100 2.66773e-05 -180 
1474.66 394.492 1674.66 -100 2.65945e-05 -180 
1474.56 392.898 1674.56 -100 2.65118e-05 -180 
1474.47 391.504 1674.47 -100 2.64394e-05 -180 
1474.38 390.109 1674.38 -100 2.63672e-05 -180 
1474.28 388.515 1674.28 -100 2.62847e-05 -180 
1474.2 387.121 1674.2 -100 2.62126e-05 -180 
1474.1 385.527 1674.1 -100 2.61302e-05 -180 
1474.01 384.132 1674.01 -100 2.60582e-05 -180 
1473.91 382.538 1673.91 -100 2.5976e-05 -180 
1473.82 381.144 1673.82 -100 2.59042e-05 -180 
1473.74 379.749 1673.73 -100 2.58324e-05 -180 
1473.64 378.156 1673.64 -100 2.57504e-05 -180 
1473.54 376.562 1673.54 -100 2.56685e-05 -180 
1473.46 375.366 1673.46 -100 2.56072e-05 -180 
1473.36 373.773 1673.36 -100 2.55254e-05 -180 
1473.26 372.179 1673.26 -100 2.54437e-05 -180 
1473.18 370.784 1673.17 -100 2.53723e-05 -180 
1473.08 369.191 1673.08 -100 2.52908e-05 -180 
1472.99 367.796 1672.99 -100 2.52195e-05 -180 
1472.9 366.401 1672.9 -100 2.51483e-05 -180 
1472.8 364.808 1672.8 -100 2.5067e-05 -180 
1472.7 363.214 1672.7 -100 2.49857e-05 -180 
1472.62 361.819 1672.62 -100 2.49147e-05 -180 
1472.53 360.425 1672.53 -100 2.48437e-05 -180 
1472.43 358.831 1672.43 -100 2.47627e-05 -180 
1472.34 357.436 1672.34 -100 2.46918e-05 -180 
1472.24 355.843 1672.24 -100 2.46109e-05 -180 
1472.15 354.448 1672.15 -100 2.45402e-05 -180 
1472.06 352.854 1672.05 -100 2.44594e-05 -180 
1471.97 351.46 1671.97 -100 2.43888e-05 -180 
1471.87 349.866 1671.87 -100 2.43082e-05 -180 
1471.78 348.471 1671.78 -100 2.42377e-05 -180 
1471.69 347.077 1671.69 -100 2.41673e-05 -180 
1471.59 345.483 1671.59 -100 2.40869e-05 -180 
1471.51 344.088 1671.51 -100 2.40165e-05 -180 
1471.41 342.495 1671.41 -100 2.39362e-05 -180 
1471.32 341.1 1671.32 -100 2.3866e-05 -180 
1471.22 339.506 1671.22 -100 2.37858e-05 -180 
1471.13 338.112 1671.13 -100 2.37158e-05 -180 
1471.03 336.518 1671.03 -100 2.36357e-05 -180 
1470.95 335.123 1670.95 -100 2.35657e-05 -180 
1470.86 333.729 1670.86 -100 2.34958e-05 -180 
1470.76 332.135 1670.76 -100 2.3416e-05 -180 
1470.66 330.541 1670.66 -100 2.33362e-05 -180 
1470.57 329.147 1670.57 -100 2.32664e-05 -180 
1470.47 327.553 1670.47 -100 2.31867e-05 -180 
1470.39 326.158 1670.39 -100 2.31171e-05 -180 
1470.3 324.764 1670.3 -100 2.30475e-05 -180 
1470.2 323.17 1670.2 -100 2.2968e-05 -180 
1470.11 321.775 1670.11 -100 2.28985e-05 -180 
1470.01 320.182 1670.01 -100 2.28191e-05 -180 
1469.93 318.787 1669.92 -100 2.27498e-05 -180 
1469.83 317.193 1669.83 -100 2.26705e-05 -180 
1469.74 315.799 1669.74 -100 2.26012e-05 -180 
1469.64 314.205 1669.64 -100 2.25221e-05 -180 
1469.55 312.81 1669.55 -100 2.2453e-05 -180 
1469.45 311.217 1669.45 -100 2.2374e-05 -180 
1469.37 309.822 1669.37 -100 2.23049e-05 -180 
1469.28 308.428 1669.28 -100 2.22359e-05 -180 
1469.18 306.834 1669.18 -100 2.21571e-05 -180 
1468.99 303.845 1668.99 -100 2.20094e-05 -180 
1468.89 302.252 1668.89 -100 2.19308e-05 -180 
1468.81 300.857 1668.8 -100 2.1862e-05 -180 
1468.72 299.462 1668.72 -100 2.17933e-05 -180 
1468.62 297.869 1668.62 -100 2.17148e-05 -180 
1468.43 294.88 1668.43 -100 2.15679e-05 -180 
1468.32 293.087 1668.32 -100 2.14798e-05 -180 
1468.24 291.892 1668.24 -100 2.14211e-05 -180 
1468.16 290.497 1668.16 -100 2.13527e-05 -180 
1468.07 289.103 1668.07 -100 2.12843e-05 -180 
1467.97 287.509 1667.97 -100 2.12062e-05 -180 
1467.87 285.915 1667.87 -100 2.11282e-05 -180 
1467.78 284.521 1667.78 -100 2.106e-05 -180 
1467.7 283.126 1667.7 -100 2.09918e-05 -180 
1467.6 281.532 1667.6 -100 2.09139e-05 -180 
1467.51 280.138 1667.51 -100 2.08459e-05 -180 
1467.32 277.149 1667.32 -100 2.07001e-05 -180 
1467.22 275.556 1667.22 -100 2.06225e-05 -180 
1467.14 274.161 1667.14 -100 2.05546e-05 -180 
1467.04 272.567 1667.04 -100 2.04771e-05 -180 
1466.95 271.173 1666.95 -100 2.04093e-05 -180 
1466.76 268.184 1666.76 -100 2.02642e-05 -180 
1466.68 266.79 1666.67 -100 2.01965e-05 -180 
1466.58 265.196 1666.58 -100 2.01193e-05 -180 
1466.48 263.602 1666.48 -100 2.00421e-05 -180 
1466.39 262.208 1666.39 -100 1.99746e-05 -180 
1466.29 260.614 1666.29 -100 1.98975e-05 -180 
1466.2 259.219 1666.2 -100 1.983e-05 -180 
1466.12 257.825 1666.12 -100 1.97627e-05 -180 
1466.02 256.231 1666.02 -100 1.96857e-05 -180 
1465.93 254.836 1665.93 -100 1.96184e-05 -180 
1465.83 253.243 1665.83 -100 1.95416e-05 -180 
1465.73 251.649 1665.73 -100 1.94648e-05 -180 
1465.64 250.254 1665.64 -100 1.93977e-05 -180 
1465.56 248.86 1665.55 -100 1.86655e-05 -180 
1465.47 247.465 1665.47 -100 1.63165e-05 -180 
1465.37 245.871 1665.37 -100 1.85646e-05 -180 
1465.27 244.278 1665.27 -100 2.37431e-05 -180 
1465.18 242.883 1665.18 -100 2.78168e-06 -180 
1465.08 241.289 1665.08 -100 2.14322e-05 -180 
1464.99 239.895 1664.99 -100 1.90904e-05 -180 
1464.91 238.5 1664.91 -100 1.88368e-05 -180 
1464.81 236.906 1664.81 -100 1.87571e-05 -180 
1464.72 235.512 1664.72 -100 1.86906e-05 -180 
1464.62 233.918 1664.62 -100 1.86144e-05 -180 
1464.52 232.324 1664.52 -100 1.85383e-05 -180 
1464.43 230.93 1664.43 -100 1.84718e-05 -180 
1464.35 229.535 1664.35 -100 1.84053e-05 -180 
1464.25 227.941 1664.25 -100 1.83293e-05 -180 
1464.16 226.547 1664.16 -100 1.82629e-05 -180 
1463.97 223.558 1663.97 -100 1.81207e-05 -180 
1463.89 222.164 1663.89 -100 1.80544e-05 -180 
1463.79 220.57 1663.79 -100 1.79787e-05 -180 
1463.69 218.976 1663.69 -100 1.79031e-05 -180 
1463.6 217.582 1663.6 -100 1.78369e-05 -180 
1463.5 215.988 1663.5 -100 1.77614e-05 -180 
1463.41 214.593 1663.41 -100 1.76953e-05 -180 
1463.33 213.199 1663.33 -100 1.76293e-05 -180 
1463.23 211.605 1663.23 -100 1.75539e-05 -180 
1463.14 210.21 1663.14 -100 1.7488e-05 -180 
1463.04 208.617 1663.04 -100 1.74127e-05 -180 
1462.95 207.222 1662.95 -100 1.73469e-05 -180 
1462.85 205.628 1662.85 -100 1.72716e-05 -180 
1462.77 204.234 1662.77 -100 1.72059e-05 -180 
1462.67 202.64 1662.67 -100 1.71308e-05 -180 
1462.58 201.245 1662.58 -100 1.70652e-05 -180 
1462.49 199.851 1662.49 -100 1.69995e-05 -180 
1462.39 198.257 1662.39 -100 1.69246e-05 -180 
1462.29 196.663 1662.29 -100 1.68497e-05 -180 
1462.21 195.269 1662.2 -100 1.67842e-05 -180 
1462.09 193.476 1662.09 -100 1.67001e-05 -180 
1462.02 192.28 1662.02 -100 1.66441e-05 -180 
1461.93 190.886 1661.93 -100 1.65787e-05 -180 
1461.85 189.491 1661.84 -100 1.65134e-05 -180 
1461.74 187.897 1661.74 -100 1.64388e-05 -180 
1461.64 186.304 1661.64 -100 1.63643e-05 -180 
1461.56 184.909 1661.56 -100 1.62991e-05 -180 
1461.46 183.315 1661.46 -100 1.62247e-05 -180 
1461.37 181.921 1661.37 -100 1.61596e-05 -180 
1461.28 180.526 1661.28 -100 1.60946e-05 -180 
1461.18 178.932 1661.18 -100 1.60203e-05 -180 
1461.09 177.339 1661.08 -100 1.59461e-05 -180 
1461 175.944 1661 -100 1.58812e-05 -180 
1460.91 174.549 1660.91 -100 1.58163e-05 -180 
1460.81 172.956 1660.81 -100 1.57422e-05 -180 
1460.72 171.561 1660.72 -100 1.56775e-05 -180 
1460.62 169.967 1660.62 -100 1.56035e-05 -180 
1460.54 168.573 1660.54 -100 1.55388e-05 -180 
1460.44 166.979 1660.44 -100 1.54649e-05 -180 
1460.35 165.584 1660.35 -100 1.54003e-05 -180 
1460.24 163.791 1660.24 -100 1.53174e-05 -180 
1460.16 162.596 1660.16 -100 1.52621e-05 -180 
1460.06 161.002 1660.06 -100 1.51884e-05 -180 
1459.98 159.608 1659.98 -100 1.5124e-05 -180 
1459.89 158.213 1659.89 -100 1.50597e-05 -180 
1459.79 156.619 1659.79 -100 1.49861e-05 -180 
1459.7 155.225 1659.7 -100 1.49219e-05 -180 
1459.6 153.631 1659.6 -100 1.48485e-05 -180 
1459.5 152.037 1659.5 -100 1.47751e-05 -180 
1459.42 150.643 1659.42 -100 1.4711e-05 -180 
1459.33 149.248 1659.33 -100 1.46469e-05 -180 
1459.23 147.654 1659.23 -100 1.45737e-05 -180 
1459.14 146.26 1659.14 -100 1.45097e-05 -180 
1459.06 144.865 1659.06 -100 1.44457e-05 -180 
1458.96 143.271 1658.95 -100 1.43727e-05 -180 
1458.86 141.678 1658.86 -100 1.42997e-05 -180 
1458.77 140.283 1658.77 -100 1.42359e-05 -180 
1458.67 138.689 1658.67 -100 1.4163e-05 -180 
1458.58 137.295 1658.58 -100 1.40993e-05 -180 
1458.49 135.9 1658.49 -100 1.40357e-05 -180 
1458.4 134.306 1658.39 -100 1.39629e-05 -180 
1458.31 132.912 1658.31 -100 1.38993e-05 -180 
1458.21 131.318 1658.21 -100 1.38267e-05 -180 
1458.12 129.923 1658.12 -100 1.37633e-05 -180 
1458.02 128.33 1658.02 -100 1.36907e-05 -180 
1457.93 126.935 1657.93 -100 1.36273e-05 -180 
1457.84 125.341 1657.83 -100 1.35549e-05 -180 
1457.74 123.748 1657.73 -100 1.34826e-05 -180 
1457.65 122.353 1657.65 -100 1.34194e-05 -180 
1457.56 120.958 1657.56 -100 1.33562e-05 -180 
1457.47 119.564 1657.47 -100 1.3293e-05 -180 
1457.38 117.97 1657.37 -100 1.32209e-05 -180 
1457.28 116.376 1657.27 -100 1.31488e-05 -180 
1457.19 114.982 1657.19 -100 1.30858e-05 -180 
1457.1 113.587 1657.1 -100 1.30228e-05 -180 
1457 111.993 1657 -100 1.29509e-05 -180 
1456.91 110.599 1656.91 -100 1.28881e-05 -180 
1456.81 109.005 1656.81 -100 1.28163e-05 -180 
1456.73 107.61 1656.73 -100 1.27535e-05 -180 
1456.63 106.017 1656.63 -100 1.26818e-05 -180 
1456.54 104.622 1656.54 -100 1.26191e-05 -180 
1456.45 103.228 1656.45 -100 1.25565e-05 -180 
1456.35 101.634 1656.35 -100 1.2485e-05 -180 
1456.25 100.04 1656.25 -100 1.24136e-05 -180 
1456.17 98.6454 1656.17 -100 1.23511e-05 -180 
1456.07 97.0516 1656.07 -100 1.22797e-05 -180 
1455.98 95.657 1655.98 -100 1.22174e-05 -180 
1455.87 93.864 1655.87 -100 1.21372e-05 -180 
1455.79 92.6687 1655.79 -100 1.20838e-05 -180 
1455.71 91.2741 1655.7 -100 1.20216e-05 -180 
1455.61 89.6803 1655.61 -100 1.19506e-05 -180 
1455.52 88.2857 1655.52 -100 1.18884e-05 -180 
1455.42 86.692 1655.42 -100 1.18175e-05 -180 
1455.33 85.2974 1655.33 -100 1.17555e-05 -180 
1455.23 83.7036 1655.23 -100 1.16847e-05 -180 
1455.15 82.3091 1655.14 -100 1.16227e-05 -180 
1455.05 80.7153 1655.05 -100 1.1552e-05 -180 
1454.96 79.3207 1654.96 -100 1.14902e-05 -180 
1454.87 77.9262 1654.87 -100 1.14284e-05 -180 
1454.77 76.3324 1654.77 -100 1.13579e-05 -180 
1454.68 74.9378 1654.68 -100 1.12962e-05 -180 
1454.59 73.344 1654.58 -100 1.12258e-05 -180 
1454.49 71.7502 1654.48 -100 1.11555e-05 -180 
1454.4 70.3557 1654.4 -100 1.1094e-05 -180 
1454.31 68.9611 1654.31 -100 1.10325e-05 -180 
1454.21 67.3673 1654.21 -100 1.09623e-05 -180 
1454.12 65.9728 1654.12 -100 1.0901e-05 -180 
1454 63.9805 1654 -100 1.08134e-05 -180 
1453.94 62.9844 1653.94 -100 1.07697e-05 -180 
1453.84 61.3906 1653.84 -100 1.06997e-05 -180 
1453.75 59.9961 1653.75 -100 1.06386e-05 -180 
1453.65 58.4023 1653.65 -100 1.05688e-05 -180 
1453.56 57.0077 1653.56 -100 1.05078e-05 -180 
1453.48 55.6131 1653.48 -100 1.04468e-05 -180 
1453.38 54.0194 1653.38 -100 1.03772e-05 -180 
1453.28 52.4256 1653.28 -100 1.03076e-05 -180 
1453.19 51.031 1653.19 -100 1.02468e-05 -180 
1453.1 49.6365 1653.1 -100 1.0186e-05 -180 
1453 48.0427 1653 -100 1.01167e-05 -180 
1452.92 46.6481 1652.92 -100 1.0056e-05 -180 
1452.82 45.0543 1652.82 -100 9.98678e-06 -180 
1452.73 43.6598 1652.73 -100 9.92624e-06 -180 
1452.63 42.066 1652.63 -100 9.85712e-06 -180 
1452.54 40.6714 1652.54 -100 9.7967e-06 -180 
1452.46 39.2769 1652.45 -100 9.73633e-06 -180 
1452.36 37.6831 1652.36 -100 9.6674e-06 -180 
1452.26 36.0893 1652.26 -100 9.59854e-06 -180 
1452.17 34.6947 1652.17 -100 9.53834e-06 -180 
1452.07 33.1009 1652.07 -100 9.46961e-06 -180 
1451.98 31.7064 1651.98 -100 9.40953e-06 -180 
1451.9 30.3118 1651.89 -100 9.3495e-06 -180 
1451.8 28.718 1651.8 -100 9.28097e-06 -180 
1451.71 27.3235 1651.71 -100 9.22106e-06 -180 
1451.61 25.7297 1651.61 -100 9.15265e-06 -180 
1451.52 24.3351 1651.52 -100 9.09286e-06 -180 
1451.42 22.7413 1651.42 -100 9.02459e-06 -180 
1451.34 21.3468 1651.34 -100 8.96491e-06 -180 
1451.24 19.753 1651.23 -100 8.89677e-06 -180 
1451.15 18.3584 1651.15 -100 8.83722e-06 -180 
1451.05 16.7646 1651.05 -100 8.76922e-06 -180 
1450.96 15.3701 1650.96 -100 8.70978e-06 -180 
1450.88 13.9755 1650.87 -100 8.65039e-06 -180 
1450.78 12.3817 1650.77 -100 8.5826e-06 -180 
1450.67 10.7879 1650.67 -100 8.51487e-06 -180 
1450.59 9.39337 1650.59 -100 8.45567e-06 -180 
1450.49 7.79959 1650.49 -100 8.38809e-06 -180 
1450.4 6.40502 1650.4 -100 8.32901e-06 -180 
1450.31 5.01046 1650.31 -100 8.26999e-06 -180 
1450.21 3.41668 1650.21 -100 8.20261e-06 -180 
1450.13 2.02214 1650.13 -100 8.14371e-06 -180 
1450.03 0.428475 1650.03 -100 8.07647e-06 -180 
1449.93 -1.16519 1649.93 -100 8.00931e-06 -180 
1449.85 -2.36044 1649.85 -100 7.95899e-06 -180 
1449.75 -3.95414 1649.75 -100 7.89198e-06 -180 
1449.65 -5.54792 1649.65 -100 7.82503e-06 -180 
1449.57 -6.94248 1649.57 -100 7.7665e-06 -180 
1449.47 -8.53627 1649.47 -100 7.69969e-06 -180 
1449.38 -9.93083 1649.38 -100 7.6413e-06 -180 
1449.28 -11.5246 1649.28 -100 7.57464e-06 -180 
1449.19 -12.9192 1649.19 -100 7.51637e-06 -180 
1449.11 -14.3137 1649.11 -100 7.45816e-06 -180 
1449.01 -15.9075 1649.01 -100 7.39171e-06 -180 
1448.92 -17.3021 1648.92 -100 7.33363e-06 -180 
1448.82 -18.8959 1648.82 -100 7.26733e-06 -180 
1448.73 -20.2904 1648.73 -100 7.20938e-06 -180 
1448.63 -21.8842 1648.63 -100 7.14323e-06 -180 
1448.55 -23.2788 1648.55 -100 7.08541e-06 -180 
1448.46 -24.6733 1648.46 -100 7.02766e-06 -180 
1448.36 -26.2671 1648.36 -100 6.96172e-06 -180 
1448.26 -27.8609 1648.26 -100 6.89587e-06 -180 
1448.17 -29.2555 1648.17 -100 6.83832e-06 -180 
1448.09 -30.65 1648.09 -100 6.78083e-06 -180 
1447.99 -32.2438 1647.98 -100 6.7152e-06 -180 
1447.9 -33.6384 1647.9 -100 6.65784e-06 -180 
1447.79 -35.4314 1647.79 -100 6.58419e-06 -180 
1447.61 -38.2205 1647.61 -100 6.46983e-06 -180 
1447.53 -39.6151 1647.52 -100 6.41274e-06 -180 
1447.43 -41.2089 1647.42 -100 6.34758e-06 -180 
1447.34 -42.6034 1647.34 -100 6.29063e-06 -180 
1447.24 -44.1972 1647.24 -100 6.22562e-06 -180 
1447.15 -45.5918 1647.15 -100 6.16881e-06 -180 
1447.06 -46.9863 1647.06 -100 6.11206e-06 -180 
1446.96 -48.5801 1646.96 -100 6.04728e-06 -180 
1446.88 -49.9747 1646.88 -100 5.99067e-06 -180 
1446.78 -51.5685 1646.78 -100 5.92606e-06 180 
1446.68 -53.1623 1646.68 -100 5.86153e-06 180 
1446.59 -54.5568 1646.59 -100 5.80513e-06 180 
1446.5 -55.9514 1646.5 -100 5.74881e-06 180 
1446.4 -57.5452 1646.4 -100 5.68451e-06 180 
1446.32 -58.9397 1646.32 -100 5.62833e-06 180 
1446.22 -60.5335 1646.22 -100 5.56419e-06 180 
1446.13 -61.9281 1646.13 -100 5.50815e-06 180 
1446.03 -63.5219 1646.03 -100 5.44418e-06 180 
1445.94 -64.9164 1645.94 -100 5.38828e-06 180 
1445.86 -66.311 1645.86 -100 5.33245e-06 180 
1445.76 -67.9048 1645.76 -100 5.26872e-06 180 
1445.66 -69.4985 1645.66 -100 5.20508e-06 180 
1445.57 -70.8931 1645.57 -100 5.14947e-06 180 
1445.47 -72.4869 1645.47 -100 5.086e-06 180 
1445.38 -73.8815 1645.38 -100 5.03054e-06 180 
1445.3 -75.276 1645.3 -100 4.97514e-06 180 
1445.2 -76.8698 1645.2 -100 4.91191e-06 180 
1445.1 -78.4636 1645.1 -100 4.84878e-06 180 
1445.01 -79.8581 1645.01 -100 4.79361e-06 180 
1444.91 -81.4519 1644.91 -100 4.73064e-06 180 
1444.84 -82.6473 1644.84 -100 4.68348e-06 180 
1444.74 -84.2411 1644.73 -100 4.62067e-06 180 
1444.64 -85.8349 1644.64 -100 4.55795e-06 180 
1444.55 -87.2294 1644.55 -100 4.50315e-06 180 
1444.45 -88.8232 1644.45 -100 4.44061e-06 180 
1444.36 -90.2177 1644.36 -100 4.38596e-06 180 
1444.28 -91.6123 1644.28 -100 4.33138e-06 180 
1444.18 -93.2061 1644.17 -100 4.26909e-06 180 
1444.08 -94.7999 1644.08 -100 4.20689e-06 180 
1443.99 -96.1945 1643.99 -100 4.15255e-06 180 
1443.9 -97.589 1643.9 -100 4.09827e-06 180 
1443.8 -99.1828 1643.8 -100 4.03633e-06 180 
1443.71 -100.577 1643.71 -100 3.98221e-06 180 
1443.62 -102.171 1643.62 -100 3.92044e-06 180 
1443.53 -103.566 1643.53 -100 3.86647e-06 180 
1443.42 -105.359 1643.41 -100 3.79719e-06 180 
1443.34 -106.554 1643.34 -100 3.75107e-06 180 
1443.25 -107.949 1643.25 -100 3.69733e-06 180 
1443.15 -109.542 1643.15 -100 3.636e-06 180 
1443.06 -111.136 1643.05 -100 3.57477e-06 180 
1442.97 -112.531 1642.97 -100 3.52126e-06 180 
1442.88 -113.925 1642.88 -100 3.46783e-06 180 
1442.78 -115.519 1642.78 -100 3.40686e-06 180 
1442.68 -117.113 1642.68 -100 3.34599e-06 180 
1442.59 -118.507 1642.59 -100 3.2928e-06 180 
1442.49 -120.101 1642.49 -100 3.2321e-06 180 
1442.41 -121.496 1642.41 -100 3.17908e-06 180 
1442.32 -122.89 1642.32 -100 3.12612e-06 180 
1442.22 -124.484 1642.22 -100 3.06569e-06 180 
1442.13 -125.879 1642.13 -100 3.01289e-06 180 
1442.03 -127.472 1642.03 -100 2.95264e-06 180 
1441.95 -128.867 1641.95 -100 2.9e-06 180 
1441.85 -130.461 1641.85 -100 2.83994e-06 180 
1441.76 -131.855 1641.76 -100 2.78746e-06 180 
1441.66 -133.449 1641.66 -100 2.72757e-06 180 
1441.56 -135.043 1641.56 -100 2.66779e-06 180 
1441.47 -136.438 1641.47 -100 2.61555e-06 180 
1441.39 -137.832 1641.39 -100 2.56339e-06 180 
1441.3 -139.227 1641.3 -100 2.51131e-06 180 
1441.2 -140.82 1641.2 -100 2.45188e-06 180 
1441.11 -142.215 1641.11 -100 2.39995e-06 180 
1441.01 -143.809 1641.01 -100 2.3407e-06 180 
1440.91 -145.403 1640.91 -100 2.28155e-06 180 
1440.83 -146.797 1640.83 -100 2.22988e-06 180 
1440.74 -148.192 1640.74 -100 2.17827e-06 180 
1440.64 -149.786 1640.64 -100 2.11939e-06 180 
1440.55 -151.18 1640.55 -100 2.06795e-06 180 
1440.46 -152.575 1640.46 -100 2.01659e-06 180 
1440.37 -154.168 1640.37 -100 1.95797e-06 180 
1440.27 -155.762 1640.27 -100 1.89946e-06 180 
1440.18 -157.157 1640.18 -100 1.84834e-06 180 
1440.09 -158.551 1640.09 -100 1.7973e-06 180 
1439.99 -160.145 1639.99 -100 1.73905e-06 180 
1439.9 -161.54 1639.9 -100 1.68817e-06 180 
1439.81 -163.133 1639.8 -100 1.63011e-06 180 
1439.72 -164.528 1639.72 -100 1.57939e-06 180 
1439.62 -166.122 1639.62 -100 1.52151e-06 180 
1439.53 -167.516 1639.53 -100 1.47095e-06 180 
1439.43 -169.11 1639.43 -100 1.41326e-06 180 
1439.34 -170.505 1639.34 -100 1.36285e-06 180 
1439.24 -172.098 1639.24 -100 1.30534e-06 180 
1439.16 -173.493 1639.16 -100 1.2551e-06 180 
1439.06 -175.087 1639.06 -100 1.19777e-06 180 
1438.97 -176.481 1638.97 -100 1.14769e-06 180 
1438.87 -178.075 1638.87 -100 1.09055e-06 180 
1438.77 -179.669 1638.77 -100 1.0335e-06 180 
1438.7 -180.864 1638.7 -100 9.90777e-07 180 
1438.59 -182.657 1638.58 -100 9.26796e-07 180 
1438.51 -183.853 1638.51 -100 8.84211e-07 180 
1438.41 -185.446 1638.41 -100 8.27515e-07 180 
1438.32 -186.841 1638.32 -100 7.77986e-07 180 
1438.22 -188.435 1638.22 -100 7.21472e-07 180 
1438.12 -190.029 1638.12 -100 6.65056e-07 180 
1438.02 -191.622 1638.02 -100 6.08737e-07 180 
1437.95 -192.818 1637.95 -100 5.66562e-07 180 
1437.84 -194.611 1637.84 -100 5.03402e-07 180 
1437.76 -195.806 1637.76 -100 4.61366e-07 180 
1437.64 -197.798 1637.64 -100 3.91428e-07 180 
1437.58 -198.794 1637.58 -100 3.56517e-07 180 
1437.45 -200.786 1637.45 -100 2.86814e-07 180 
1437.39 -201.783 1637.39 -100 2.52022e-07 180 
1437.28 -203.576 1637.28 -100 1.89497e-07 180 
1437.2 -204.771 1637.2 -100 1.47887e-07 180 
1437.07 -206.962 1637.07 -100 7.17568e-08 180 
1437.03 -207.56 1637.03 -100 5.10295e-08 180 
1436.93 -209.154 1636.93 -100 -4.1674e-09 180 
1436.83 -210.748 1636.83 -100 -5.92512e-08 180 
1436.74 -212.142 1636.74 -100 -1.07354e-07 180 
1436.65 -213.537 1636.65 -100 -1.55364e-07 180 
1436.56 -215.131 1636.55 -100 -2.10114e-07 180 
1436.45 -216.724 1636.45 -100 -2.64732e-07 180 
1436.37 -218.119 1636.37 -100 -3.12408e-07 180 
1436.28 -219.513 1636.28 -100 -3.5997e-07 180 
1436.18 -221.107 1636.18 -100 -4.14178e-07 180 
1436.09 -222.502 1636.09 -100 -4.61469e-07 180 
1435.99 -224.096 1635.99 -100 -5.15341e-07 180 
1435.89 -225.689 1635.89 -100 -5.69007e-07 180 
1435.81 -227.084 1635.81 -100 -6.15776e-07 180 
1435.72 -228.478 1635.72 -100 -6.62349e-07 180 
1435.62 -230.072 1635.62 -100 -7.15304e-07 180 
1435.53 -231.467 1635.53 -100 -7.61369e-07 180 
1435.43 -233.061 1635.43 -100 -8.13655e-07 180 
1435.33 -234.654 1635.33 -100 -8.65493e-07 180 
1435.25 -236.049 1635.25 -100 -9.10414e-07 180 
1435.16 -237.444 1635.16 -100 -9.54851e-07 180 
1435.07 -238.838 1635.07 -100 -9.9871e-07 180 
1434.97 -240.432 1634.97 -100 -1.04797e-06 180 
1434.89 -241.826 1634.89 -100 -1.09015e-06 180 
1434.79 -243.42 1634.79 -100 -1.137e-06 180 
1434.7 -244.815 1634.7 -100 -1.17651e-06 180 
1434.6 -246.409 1634.6 -100 -1.21942e-06 180 
1434.51 -247.803 1634.51 -100 -1.25178e-06 180 
1434.41 -249.397 1634.41 -100 -1.2834e-06 180 
1434.33 -250.791 1634.33 -100 -1.36387e-06 180 
1434.22 -252.385 1634.23 -100 -1.32654e-06 180 
1434.14 -253.78 1634.14 -100 -1.34635e-06 180 
1434.04 -255.373 1634.04 -100 -1.3306e-06 180 
1433.95 -256.768 1633.95 -100 -1.38007e-06 180 
1433.82 -258.759 1633.83 -100 6.82243e-07 179.999 
1433.76 -259.756 1633.77 -100 -2.38477e-07 179.999 
1433.65 -261.548 1633.65 -100 1.2727e-06 179.999 
1433.57 -262.744 1633.58 -100 3.96367e-07 179.999 
1433.47 -264.338 1633.48 -100 -5.10184e-07 180 
1433.39 -265.733 1633.39 -100 -2.05888e-06 180 
1433.3 -267.127 1633.31 -100 -2.39407e-06 180 
1433.2 -268.721 1633.2 -100 -2.59725e-06 180 
1433.12 -270.116 1633.12 -100 -2.72842e-06 180 
1433.02 -271.71 1633.02 -100 -2.84673e-06 180 
1432.93 -273.104 1632.93 -100 -2.93111e-06 180 
1432.83 -274.698 1632.83 -100 -3.0117e-06 180 
1432.74 -276.093 1632.74 -100 -3.07153e-06 180 
1432.63 -277.886 1632.63 -100 -3.13702e-06 180 
1432.56 -279.081 1632.56 -100 -3.17482e-06 180 
1432.46 -280.675 1632.46 -100 -3.21917e-06 180 
1432.37 -282.069 1632.37 -100 -3.2531e-06 180 
1432.27 -283.663 1632.27 -100 -3.28711e-06 180 
1432.18 -285.058 1632.18 -100 -3.3132e-06 180 
1432.1 -286.452 1632.1 -100 -3.33627e-06 180 
1432 -288.046 1632 -100 -3.35933e-06 180 
1431.91 -289.441 1631.91 -100 -3.37689e-06 180 
1431.81 -291.034 1631.81 -100 -3.39428e-06 180 
1431.72 -292.429 1631.72 -100 -3.40734e-06 180 
1431.62 -294.023 1631.62 -100 -3.42002e-06 180 
1431.54 -295.417 1631.54 -100 -3.4293e-06 180 
1431.44 -297.011 1631.44 -100 -3.43798e-06 180 
1431.34 -298.605 1631.34 -100 -3.44475e-06 180 
1431.25 -300 1631.25 -100 -3.44923e-06 180 
1431.16 -301.394 1631.16 -100 -3.45243e-06 180 
1431.08 -302.789 1631.08 -100 -3.45443e-06 180 
1430.98 -304.382 1630.98 -100 -3.45532e-06 180 
1430.89 -305.777 1630.89 -100 -3.45495e-06 180 
1430.79 -307.371 1630.79 -100 -3.45328e-06 180 
1430.7 -308.765 1630.7 -100 -3.45078e-06 180 
1430.6 -310.359 1630.6 -100 -3.44679e-06 180 
1430.52 -311.754 1630.52 -100 -3.44236e-06 180 
1430.43 -313.148 1630.43 -100 -3.43708e-06 180 
1430.33 -314.742 1630.33 -100 -3.43006e-06 180 
1430.23 -316.336 1630.23 -100 -3.42203e-06 180 
1430.14 -317.73 1630.14 -100 -3.41422e-06 180 
1430.04 -319.324 1630.04 -100 -3.4044e-06 180 
1429.95 -320.719 1629.95 -100 -3.39508e-06 180 
1429.86 -322.312 1629.86 -100 -3.38361e-06 180 
1429.77 -323.707 1629.77 -100 -3.37289e-06 180 
1429.67 -325.301 1629.67 -100 -3.35988e-06 180 
1429.58 -326.695 1629.58 -100 -3.34785e-06 180 
1429.49 -328.09 1629.49 -100 -3.33524e-06 180 
1429.39 -329.684 1629.39 -100 -3.32013e-06 180 
1429.31 -331.078 1629.31 -100 -3.30633e-06 180 
1429.21 -332.672 1629.21 -100 -3.2899e-06 180 
1429.11 -334.266 1629.11 -100 -3.27279e-06 180 
1429.02 -335.661 1629.02 -100 -3.25729e-06 180 
1428.93 -337.055 1628.93 -100 -3.24129e-06 180 
1428.85 -338.45 1628.85 -100 -3.22481e-06 180 
1428.73 -340.243 1628.73 -100 -3.20295e-06 180 
1428.65 -341.637 1628.65 -100 -3.18542e-06 180 
1428.56 -343.032 1628.56 -100 -3.16745e-06 180 
1428.47 -344.426 1628.47 -100 -3.14904e-06 180 
1428.37 -346.02 1628.37 -100 -3.12749e-06 180 
1428.29 -347.415 1628.29 -100 -3.10818e-06 180 
1428.19 -349.008 1628.19 -100 -3.08563e-06 180 
1428.09 -350.602 1628.09 -100 -3.06255e-06 180 
1428 -351.997 1628 -100 -3.04194e-06 180 
1427.91 -353.391 1627.91 -100 -3.02095e-06 180 
1427.81 -354.985 1627.81 -100 -2.9965e-06 180 
1427.71 -356.579 1627.71 -100 -2.97158e-06 180 
1427.64 -357.774 1627.64 -100 -2.95258e-06 180 
1427.54 -359.368 1627.54 -100 -2.92684e-06 180 
1427.44 -360.962 1627.44 -100 -2.90066e-06 180 
1427.35 -362.356 1627.35 -100 -2.87738e-06 180 
1427.24 -364.149 1627.24 -100 -2.84696e-06 180 
1427.17 -365.345 1627.17 -100 -2.82638e-06 180 
1427.07 -366.938 1627.07 -100 -2.79858e-06 180 
1426.98 -368.333 1626.98 -100 -2.77391e-06 180 
1426.89 -369.728 1626.89 -100 -2.74893e-06 180 
1426.79 -371.321 1626.79 -100 -2.72e-06 180 
1426.7 -372.716 1626.7 -100 -2.69437e-06 180 
1426.61 -374.31 1626.61 -100 -2.66472e-06 180 
1426.52 -375.704 1626.52 -100 -2.63846e-06 180 
1426.42 -377.298 1626.42 -100 -2.6081e-06 180 
1426.32 -378.892 1626.32 -100 -2.57737e-06 180 
1426.23 -380.286 1626.23 -100 -2.55018e-06 180 
1426.14 -381.681 1626.14 -100 -2.52272e-06 180 
1426.05 -383.275 1626.05 -100 -2.491e-06 180 
1425.96 -384.669 1625.96 -100 -2.46297e-06 180 
1425.87 -386.064 1625.87 -100 -2.43467e-06 180 
1425.77 -387.658 1625.77 -100 -2.40201e-06 180 
1425.68 -389.052 1625.68 -100 -2.37317e-06 180 
1425.58 -390.646 1625.58 -100 -2.33989e-06 180 
1425.48 -392.24 1625.48 -100 -2.30629e-06 180 
1425.4 -393.634 1625.4 -100 -2.27662e-06 180 
1425.31 -395.029 1625.31 -100 -2.24672e-06 180 
1425.21 -396.623 1625.21 -100 -2.21225e-06 180 
1425.12 -398.017 1625.12 -100 -2.18185e-06 180 
1425.02 -399.611 1625.02 -100 -2.14681e-06 180 
1424.94 -401.006 1624.94 -100 -2.1159e-06 180 
1424.84 -402.599 1624.84 -100 -2.08031e-06 180 
1424.75 -403.994 1624.75 -100 -2.04893e-06 180 
1424.65 -405.588 1624.65 -100 -2.01279e-06 180 
1424.56 -406.982 1624.56 -100 -1.98093e-06 180 
1424.46 -408.576 1624.46 -100 -1.94427e-06 180 
1424.38 -409.971 1624.38 -100 -1.91196e-06 180 
1424.29 -411.365 1624.29 -100 -1.87944e-06 180 
1424.19 -412.959 1624.19 -100 -1.84202e-06 180 
1424.09 -414.553 1624.09 -100 -1.80434e-06 180 
1424 -415.947 1624 -100 -1.77115e-06 180 
1423.92 -417.342 1623.92 -100 -1.73776e-06 180 
1423.82 -418.936 1623.82 -100 -1.69936e-06 180 
1423.73 -420.33 1623.73 -100 -1.66554e-06 180 
1423.64 -421.725 1623.64 -100 -1.63154e-06 180 
1423.54 -423.319 1623.54 -100 -1.59245e-06 180 
1423.45 -424.713 1623.45 -100 -1.55804e-06 180 
1423.36 -426.307 1623.36 -100 -1.51849e-06 180 
1423.27 -427.702 1623.27 -100 -1.48368e-06 180 
1423.17 -429.295 1623.17 -100 -1.44368e-06 180 
1423.07 -430.889 1623.07 -100 -1.40345e-06 180 
1422.98 -432.284 1622.98 -100 -1.36805e-06 180 
1422.88 -433.877 1622.88 -100 -1.32738e-06 180 
1422.8 -435.272 1622.8 -100 -1.29162e-06 180 
1422.71 -436.666 1622.71 -100 -1.25567e-06 180 
1422.61 -438.26 1622.61 -100 -1.21439e-06 180 
1422.52 -439.655 1622.52 -100 -1.17808e-06 180 
1422.42 -441.249 1622.42 -100 -1.13639e-06 180 
1422.34 -442.643 1622.34 -100 -1.09973e-06 180 
1422.25 -444.038 1622.25 -100 -1.06291e-06 180 
1422.15 -445.632 1622.15 -100 -1.02063e-06 180 
1422.05 -447.225 1622.05 -100 -9.78145e-07 180 
1421.96 -448.62 1621.96 -100 -9.408e-07 180 
1421.86 -450.214 1621.86 -100 -8.97931e-07 180 
1421.77 -451.608 1621.77 -100 -8.60255e-07 180 
1421.69 -453.003 1621.69 -100 -8.22426e-07 180 
1421.59 -454.597 1621.59 -100 -7.79009e-07 180 
1421.5 -455.991 1621.5 -100 -7.40859e-07 180 
1421.4 -457.585 1621.4 -100 -6.97079e-07 180 
1421.31 -458.979 1621.31 -100 -6.58615e-07 180 
1421.21 -460.573 1621.21 -100 -6.14478e-07 180 
1421.13 -461.968 1621.13 -100 -5.75706e-07 180 
1421.02 -463.761 1621.02 -100 -5.25648e-07 180 
1420.94 -464.956 1620.94 -100 -4.92148e-07 180 
1420.85 -466.351 1620.85 -100 -4.52936e-07 180 
1420.75 -467.945 1620.75 -100 -4.07955e-07 180 
1420.57 -470.933 1620.57 -100 -3.2314e-07 180 
1420.47 -472.527 1620.47 -100 -2.77655e-07 180 
1420.38 -473.921 1620.38 -100 -2.37715e-07 180 
1420.29 -475.316 1620.29 -100 -1.97646e-07 180 
1420.19 -476.91 1620.19 -100 -1.51694e-07 180 
1420.11 -478.304 1620.11 -100 -1.11351e-07 180 
1420.01 -479.898 1620.01 -100 -6.50905e-08 180 
1419.92 -481.293 1619.92 -100 -2.44792e-08 180 
1419.82 -482.886 1619.82 -100 2.20844e-08 180 
1419.73 -484.281 1619.73 -100 6.29581e-08 180 
1419.64 -485.675 1619.64 -100 1.03952e-07 180 
1419.55 -487.269 1619.55 -100 1.50949e-07 180 
1419.45 -488.863 1619.45 -100 1.98099e-07 180 
1419.36 -490.257 1619.36 -100 2.39481e-07 180 
1419.27 -491.652 1619.27 -100 2.80978e-07 180 
1419.17 -493.246 1619.17 -100 3.28542e-07 180 
1419.09 -494.64 1619.09 -100 3.70283e-07 180 
1418.98 -496.234 1618.98 -100 4.18123e-07 180 
1418.88 -497.828 1618.88 -100 4.66107e-07 180 
1418.8 -499.223 1618.8 -100 5.0821e-07 180 
1418.71 -500.617 1618.71 -100 5.50421e-07 180 
1418.61 -502.211 1618.61 -100 5.98793e-07 180 
1418.51 -503.805 1618.51 -100 6.47304e-07 180 
1418.42 -505.199 1618.42 -100 6.89862e-07 180 
1418.34 -506.594 1618.34 -100 7.32524e-07 180 
1418.24 -508.188 1618.24 -100 7.81405e-07 180 
1418.15 -509.582 1618.15 -100 8.24285e-07 180 
1418.06 -510.977 1618.06 -100 8.67265e-07 180 
1417.96 -512.571 1617.96 -100 9.16505e-07 180 
1417.78 -515.559 1617.78 -100 1.00917e-06 180 
1417.68 -517.153 1617.68 -100 1.05878e-06 180 
1417.59 -518.547 1617.59 -100 1.10228e-06 180 
1417.5 -519.942 1617.5 -100 1.14588e-06 180 
1417.4 -521.535 1617.4 -100 1.19582e-06 180 
1417.32 -522.93 1617.32 -100 1.23961e-06 180 
1417.22 -524.524 1617.22 -100 1.28977e-06 180 
1417.13 -525.918 1617.13 -100 1.33376e-06 180 
1417.03 -527.512 1617.03 -100 1.38414e-06 180 
1416.94 -528.907 1616.94 -100 1.42831e-06 180 
1416.86 -530.301 1616.86 -100 1.47257e-06 180 
1416.76 -531.895 1616.76 -100 1.52326e-06 180 
1416.64 -533.688 1616.64 -100 1.58041e-06 180 
1416.57 -534.884 1616.57 -100 1.61859e-06 180 
1416.48 -536.278 1616.48 -100 1.6632e-06 180 
1416.38 -537.872 1616.38 -100 1.71429e-06 180 
1416.3 -539.266 1616.3 -100 1.75908e-06 180 
1416.11 -542.255 1616.11 -100 1.85533e-06 180 
1416.01 -543.848 1616.01 -100 1.9068e-06 180 
1415.92 -545.243 1615.92 -100 1.95192e-06 180 
1415.84 -546.638 1615.84 -100 1.99712e-06 180 
1415.64 -549.825 1615.64 -100 2.1007e-06 180 
1415.55 -551.22 1615.55 -100 2.14613e-06 180 
1415.45 -552.813 1615.45 -100 2.19814e-06 180 
1415.36 -554.208 1615.36 -100 2.24373e-06 180 
1415.28 -555.603 1615.28 -100 2.28939e-06 180 
1415.17 -557.196 1615.17 -100 2.34165e-06 180 
1415.09 -558.591 1615.09 -100 2.38745e-06 180 
1414.99 -560.185 1614.99 -100 2.43988e-06 180 
1414.9 -561.579 1614.9 -100 2.48582e-06 180 
1414.78 -563.572 1614.78 -100 2.55156e-06 180 
1414.71 -564.568 1614.71 -100 2.58448e-06 180 
1414.62 -566.162 1614.62 -100 2.63722e-06 180 
1414.53 -567.556 1614.53 -100 2.68343e-06 180 
1414.43 -569.15 1614.43 -100 2.73632e-06 180 
1414.34 -570.544 1614.34 -100 2.78266e-06 180 
1414.25 -571.939 1614.25 -100 2.82906e-06 180 
1414.15 -573.533 1614.15 -100 2.88216e-06 180 
1414.07 -574.927 1614.07 -100 2.92869e-06 180 
1413.97 -576.521 1613.97 -100 2.98193e-06 180 
1413.87 -578.115 1613.87 -100 3.03524e-06 180 
1413.78 -579.509 1613.78 -100 3.08194e-06 180 
1413.69 -580.904 1613.69 -100 3.12871e-06 180 
1413.59 -582.498 1613.59 -100 3.18221e-06 180 
1413.51 -583.892 1613.51 -100 3.22908e-06 180 
1413.41 -585.486 1613.41 -100 3.28271e-06 180 
1413.32 -586.881 1613.32 -100 3.32969e-06 180 
1413.23 -588.275 1613.23 -100 3.37672e-06 180 
1413.13 -589.869 1613.13 -100 3.43053e-06 180 
1413.03 -591.463 1613.03 -100 3.4844e-06 180 
1412.95 -592.857 1612.95 -100 3.53158e-06 180 
1412.85 -594.451 1612.85 -100 3.58556e-06 180 
1412.76 -595.846 1612.76 -100 3.63284e-06 180 
1412.67 -597.24 1612.67 -100 3.68017e-06 180 
1412.57 -598.834 1612.57 -100 3.73431e-06 180 
1412.48 -600.229 1612.48 -100 3.78173e-06 180 
1412.39 -601.822 1612.39 -100 3.83597e-06 180 
1412.29 -603.416 1612.29 -100 3.89026e-06 180 
1412.2 -604.811 1612.2 -100 3.93782e-06 180 
1412.11 -606.205 1612.11 -100 3.98541e-06 180 
1412.01 -607.799 1612.01 -100 4.03984e-06 180 
1411.92 -609.194 1611.92 -100 4.08751e-06 180 
1411.83 -610.787 1611.83 -100 4.14204e-06 180 
1411.74 -612.182 1611.74 -100 4.18979e-06 180 
1411.65 -613.577 1611.65 -100 4.23757e-06 180 
1411.55 -615.17 1611.55 -100 4.29222e-06 180 
1411.46 -616.565 1611.46 -100 4.34007e-06 180 
1411.37 -618.159 1611.37 -100 4.3948e-06 180 
1411.27 -619.752 1611.27 -100 4.44957e-06 180 
1411.18 -621.147 1611.18 -100 4.49753e-06 180 
1411.09 -622.542 1611.09 -100 4.54552e-06 180 
1410.99 -624.135 1610.99 -100 4.6004e-06 180 
1410.9 -625.53 1610.9 -100 4.64845e-06 180 
1410.82 -626.924 1610.82 -100 4.69652e-06 180 
1410.72 -628.518 1610.72 -100 4.7515e-06 180 
1410.62 -630.112 1610.62 -100 4.80651e-06 180 
1410.53 -631.507 1610.53 -100 4.85467e-06 180 
1410.43 -633.1 1610.43 -100 4.90974e-06 180 
1410.34 -634.495 1610.34 -100 4.95795e-06 180 
1410.26 -635.889 1610.26 -100 5.00619e-06 180 
1410.16 -637.483 1610.16 -100 5.06134e-06 180 
1410.06 -639.077 1610.06 -100 5.11652e-06 180 
1409.97 -640.472 1609.97 -100 5.16482e-06 180 
1409.88 -641.866 1609.88 -100 5.21314e-06 180 
1409.78 -643.46 1609.78 -100 5.26839e-06 180 
1409.7 -644.855 1609.7 -100 5.31675e-06 180 
1409.6 -646.448 1609.6 -100 5.37204e-06 180 
1409.51 -647.843 1609.51 -100 5.42043e-06 180 
1409.41 -649.437 1609.41 -100 5.47576e-06 180 
1409.32 -650.831 1609.32 -100 5.52419e-06 180 
1409.23 -652.226 1609.24 -100 5.57263e-06 180 
1409.14 -653.82 1609.14 -100 5.62801e-06 180 
1409.04 -655.413 1609.04 -100 5.6834e-06 180 
1408.95 -656.808 1608.95 -100 5.73188e-06 180 
1408.86 -658.202 1608.86 -100 5.78037e-06 180 
1408.76 -659.796 1608.76 -100 5.8358e-06 180 
1408.67 -661.191 1608.67 -100 5.88431e-06 180 
1408.56 -662.984 1608.56 -100 5.9467e-06 180 
1408.49 -664.179 1608.49 -100 5.98829e-06 180 
1408.39 -665.773 1608.39 -100 6.04376e-06 180 
1408.3 -667.168 1608.3 -100 6.0923e-06 180 
1408.2 -668.761 1608.2 -100 6.14778e-06 180 
1408.12 -670.156 1608.12 -100 6.19634e-06 180 
1408.02 -671.75 1608.02 -100 6.25183e-06 180 
1407.93 -673.144 1607.93 -100 6.30038e-06 180 
1407.83 -674.738 1607.83 -100 6.35588e-06 180 
1407.73 -676.332 1607.73 -100 6.41138e-06 180 
1407.65 -677.527 1607.65 -100 6.453e-06 180 
1407.56 -679.121 1607.56 -100 6.5085e-06 180 
1407.45 -680.715 1607.45 -100 6.56399e-06 180 
1407.37 -682.109 1607.37 -100 6.61255e-06 180 
1407.28 -683.504 1607.28 -100 6.6611e-06 180 
1407.18 -685.098 1607.18 -100 6.71659e-06 180 
1407.09 -686.492 1607.09 -100 6.76513e-06 180 
1406.99 -688.086 1606.99 -100 6.82061e-06 180 
1406.91 -689.481 1606.91 -100 6.86914e-06 180 
1406.81 -691.074 1606.81 -100 6.9246e-06 180 
1406.72 -692.469 1606.72 -100 6.97312e-06 180 
1406.62 -694.063 1606.62 -100 7.02856e-06 180 
1406.53 -695.457 1606.53 -100 7.07705e-06 180 
1406.43 -697.051 1606.43 -100 7.13247e-06 180 
1406.35 -698.446 1606.35 -100 7.18095e-06 180 
1406.26 -699.84 1606.26 -100 7.22941e-06 180 
1406.16 -701.434 1606.16 -100 7.28479e-06 180 
1406.07 -702.828 1606.07 -100 7.33323e-06 180 
1405.97 -704.422 1605.97 -100 7.38857e-06 180 
1405.89 -705.817 1605.89 -100 7.43698e-06 180 
1405.79 -707.411 1605.79 -100 7.49228e-06 180 
1405.7 -708.805 1605.7 -100 7.54066e-06 180 
1405.6 -710.399 1605.6 -100 7.59592e-06 180 
1405.51 -711.793 1605.51 -100 7.64426e-06 180 
1405.41 -713.387 1605.41 -100 7.69948e-06 180 
1405.33 -714.782 1605.33 -100 7.74778e-06 180 
1405.23 -716.376 1605.23 -100 7.80295e-06 180 
1405.14 -717.77 1605.14 -100 7.8512e-06 180 
1405.05 -719.165 1605.05 -100 7.89944e-06 180 
1404.95 -720.759 1604.95 -100 7.95453e-06 180 
1404.85 -722.352 1604.85 -100 8.0096e-06 180 
1404.77 -723.747 1604.77 -100 8.05775e-06 180 
1404.68 -725.141 1604.68 -100 8.10588e-06 180 
1404.58 -726.735 1604.58 -100 8.16086e-06 180 
1404.49 -728.13 1604.49 -100 8.20893e-06 180 
1404.39 -729.723 1604.39 -100 8.26385e-06 180 
1404.31 -731.118 1604.31 -100 8.31187e-06 180 
1404.2 -732.712 1604.2 -100 8.36671e-06 180 
1404.12 -734.106 1604.12 -100 8.41466e-06 180 
1404.03 -735.501 1604.03 -100 8.46259e-06 180 
1403.93 -737.095 1603.93 -100 8.51732e-06 180 
1403.83 -738.689 1603.83 -100 8.57201e-06 180 
1403.74 -740.083 1603.74 -100 8.61983e-06 180 
1403.64 -741.677 1603.64 -100 8.67445e-06 180 
1403.56 -743.072 1603.56 -100 8.7222e-06 180 
1403.47 -744.466 1603.47 -100 8.76991e-06 180 
1403.37 -746.06 1603.37 -100 8.8244e-06 180 
1403.28 -747.454 1603.28 -100 8.87203e-06 180 
1403.18 -749.048 1603.18 -100 8.92643e-06 180 
1403.1 -750.443 1603.1 -100 8.97398e-06 180 
1403 -752.037 1603 -100 9.02829e-06 180 
1402.91 -753.431 1602.91 -100 9.07576e-06 180 
1402.81 -755.025 1602.81 -100 9.12996e-06 180 
1402.72 -756.419 1602.72 -100 9.17735e-06 180 
1402.62 -758.013 1602.62 -100 9.23145e-06 180 
1402.54 -759.408 1602.54 -100 9.27874e-06 180 
1402.45 -760.802 1602.45 -100 9.32599e-06 180 
1402.34 -762.595 1602.34 -100 9.38668e-06 180 
1402.25 -763.99 1602.25 -100 9.43383e-06 180 
1402.16 -765.385 1602.16 -100 9.48093e-06 180 
1402.08 -766.779 1602.08 -100 9.52798e-06 180 
1401.98 -768.373 1601.98 -100 9.5817e-06 180 
1401.89 -769.767 1601.89 -100 9.62866e-06 180 
1401.79 -771.361 1601.79 -100 9.68225e-06 180 
1401.7 -772.756 1601.7 -100 9.7291e-06 180 
1401.6 -774.35 1601.6 -100 9.78258e-06 180 
1401.52 -775.744 1601.52 -100 9.82931e-06 180 
1401.43 -777.139 1601.43 -100 9.876e-06 180 
1401.33 -778.732 1601.33 -100 9.92929e-06 180 
1401.23 -780.326 1601.23 -100 9.9825e-06 180 
1401.14 -781.721 1601.14 -100 1.0029e-05 180 
1401.04 -783.315 1601.04 -100 1.00821e-05 180 
1400.95 -784.709 1600.95 -100 1.01285e-05 180 
1400.86 -786.303 1600.86 -100 1.01814e-05 180 
1400.77 -787.697 1600.77 -100 1.02277e-05 180 
1400.68 -789.092 1600.68 -100 1.02739e-05 180 
1400.58 -790.686 1600.58 -100 1.03266e-05 180 
1400.49 -792.081 1600.49 -100 1.03727e-05 180 
1400.39 -793.674 1600.39 -100 1.04253e-05 180 
1400.31 -795.069 1600.31 -100 1.04712e-05 180 
1400.21 -796.621 1600.21 -100 1.05191e-05 180 
1400.13 -797.838 1600.13 -100 1.05495e-05 180 
